771
466
465
788
526
702
646
395
410
432
316
743
550
708
460
1183
1008
1132
957
811
518
738
548
818
411
913
672
555
362
918
867
257
609
568
287
370
272
528
668
724
643
800
248
1111
706
663
463
670
1231
377
968
537
373
852
515
562
522
796
641
1231
854
726
214
304
859
642
782
549
703
583
231
622
609
481
339
686
1071
128
218
284
863
653
330
483
334
904
1006
685
382
484
912
1001
570
381
400
296
732
643
472
652
631
672
425
439
689
833
1091
861
455
175
626
126
1086
622
538
416
348
680
867
461
925
341
257
191
925
909
680
825
756
673
666
690
916
945
1048
7
366
287
633
547
529
363
471
674
844
324
214
780
551
726
650
439
324
636
454
608
499
279
583
896
371
1041
711
905
627
736
429
372
822
297
447
1038
767
490
408
484
569
505
809
976
493
624
566
38
563
538
184
421
1091
481
370
450
648
1174
549
103
573
351
561
595
950
843
1089
1150
963
403
519
872
336
391
882
683
201
794
686
600
147
498
462
437
694
88
531
809
389
797
88
505
441
581
885
222
559
476
528
822
771
682
688
1067
593
77
405
751
751
152
390
665
472
999
370
629
759
470
722
-857
-857
-857
-857
-857
-857
-857
-857
-857
-857
-857
-857
-857
-857
-857
-857
-857
-857
-857
-857
-857
-857
-857
-857
-857
-857
-857
-857
-857
-857
-857
-857
-857
-857
-857
-857
-857
-857
-857
-857
-857
-857
-857
-857
-857
-857
-857
-857
-857
-857
-857
-857
-857
-857
-857
-857
-857
-857
-857
-857
-857
-857
-857
-857
-857
-857
-857
-857
-857
-857
-857
-857
-857
-857
-857
-857
-857
-857
-857
-857
-857
-857
-857
-857
-857
-857
-857
-857
-857
-857
-857
-857
-857
-857
-857
-857
-857
-857
-857
-857
-857
-857
-857
-857
-857
-857
-857
-857
-857
-857
-857
-857
-857
-857
-857
-857
-857
-857
-857
-857
-857
-857
-857
-857
-857
-857
-857
-857
-857
-857
-857
-857
-857
-857
-857
-857
-857
-857
-857
-857
-857
-857
-857
-857
-857
-857
-857
-857
-857
-857
-857
-857
-857
-857
-857
-857
-857
-857
-857
-857
-857
-857
-857
-857
-857
-857
-857
-857
-857
-857
-857
-857
-857
-857
-857
-857
-857
-857
-857
-857
-857
-857
-857
-857
-857
-857
-857
-857
-857
-857
-857
-857
-857
-857
-857
-857
-857
-857
-857
-857
-857
-857
-857
-857
-857
-857
-857
-857
-857
-857
-857
-857
-857
-857
-857
-857
-857
-857
-857
-857
-857
-857
-857
-857
-857
-857
-857
-857
-857
-857
-857
-857
-857
-857
-857
-857
-857
-857
-857
-857
-857
-857
-857
-857
-857
-857
-857
-857
-857
-857
-857
-857
-857
-857
-857
-857
-857
-857
-857
-857
-857
-857
-857
-857
-857
-857
-857
-857
-857
-857
-857
-857
-857
-857
-857
-857
-857
-857
-857
-857
-857
-857
-857
-857
-857
-857
-857
-857
-857
-857
-857
-857
-857
-857
-857
-857
-857
-857
-857
-857
-857
-857
-857
-857
-857
-857
-857
-857
-857
-857
-857
-857
-857
-857
-857
-857
-857
-857
-857
-857
-857
-857
-857
-857
-857
-857
-857
-857
-857
-857
-857
-857
-857
-857
-857
-857
-857
-857
-857
-857
-857
-857
-857
-857
-857
-857
-857
-857
-857
-857
-857
-857
-857
-857
-857
-857
-857
-857
-857
-857
-857
-857
-857
-857
-857
-857
-857
-857
-857
-857
-857
-857
-857
-857
-857
-857
-857
-857
-857
-857
-857
-857
-857
-857
-857
-857
-857
-857
-857
-857
-857
-857
-857
-857
-857
-857
-857
-857
-857
-857
-857
-857
-857
-857
-857
-857
-857
-857
-857
-857
-857
-857
-857
-857
-857
-857
-857
-857
-857
-857
-857
-857
-857
-857
-857
-857
-857
-857
-857
-857
-857
-857
-857
-857
-857
-857
-857
-857
-857
-857
-857
-857
-857
-857
-857
-857
-857
-857
-857
-857
-857
-857
-857
-857
-857
-857
-857
-857
-857
-857
-857
-857
-857
-857
-857
-857
-857
-857
-857
-857
-857
-857
-857
-857
-857
-857
-857
-857
-857
-857
-857
-857
-857
-857
-857
-857
-857
-857
-857
-857
-857
-857
-857
-857
-857
-857
-857
-857
-857
-857
-857
-857
-857
-857
-857
-857
-857
-857
-857
-857
-857
-857
-857
-857
-857
-857
-857
-857
-857
-857
-857
-857
-857
-857
-857
-857
-857
-857
-857
-857
-857
-857
-857
-857
-857
-857
-857
-857
-857
-857
-857
-857
-857
-857
-857
-857
-857
-857
-857
-857
-857
-857
-857
-857
-857
-857
-857
-857
-857
-857
-857
-857
-857
-857
-857
-857
-857
-857
-857
-857
-857
-857
-857
-857
-857
-857
-857
-857
-857
-857
-857
-857
-857
-857
-857
-857
-857
-857
-857
-857
-857
-857
-857
-857
-857
-857
-857
-857
-857
-857
-857
-857
-857
-857
-857
-857
-857
-857
-857
-857
-857
-857
-857
-857
-857
-857
-857
-857
-857
-857
-857
-857
-857
-857
-857
-857
-857
-857
-857
-857
-857
-857
-857
-857
-857
-857
-857
-857
-857
-857
-857
-857
-857
-857
-857
-857
-857
-857
-857
-857
-857
-857
-857
-857
-857
-857
-857
-857
-857
-857
-857
-857
-857
-857
-857
-857
-857
-857
-857
-857
-857
-857
-857
-857
-857
-857
-857
-857
-857
-857
-857
-857
-857
-857
-857
-857
-857
-857
-857
-857
-857
-857
-857
-857
-857
-857
-857
-857
-857
-857
-857
-857
-857
-857
-857
-857
-857
-857
-857
-857
-857
-857
-857
-857
-857
-857
-857
-857
-857
-857
-857
-857
-857
-857
-857
-857
-857
-857
-857
-857
-857
-857
-857
-857
-857
-857
-857
-857
-857
-857
-857
-857
-857
-857
-857
-857
-857
-857
-857
-857
-857
-857
-857
-857
-857
-857
-857
-857
-857
-857
-857
-857
-857
-857
-857
-857
-857
-857
-857
286330725
286330725
286330725
286330725
286330725
286330725
286330725
286330725
286330725
286330725
286330725
286330725
286330725
286330725
286330725
286330725
286330725
286330725
286330725
286330725
286330725
286330725
286330725
286330725
286330725
286330725
286330725
286330725
286330725
286330725
286330725
286330725
286330725
286330725
286330725
286330725
286330725
286330725
286330725
286330725
286330725
286330725
286330725
286330725
286330725
286330725
286330725
286330725
286330725
286330725
286330725
286330725
286330725
286330725
286330725
286330725
286330725
286330725
286330725
286330725
286330725
286330725
286330725
286330725
286330725
286330725
286330725
286330725
286330725
286330725
286330725
286330725
286330725
286330725
286330725
286330725
286330725
286330725
286330725
286330725
286330725
286330725
286330725
286330725
286330725
286330725
286330725
286330725
286330725
286330725
286330725
286330725
286330725
286330725
286330725
286330725
286330725
286330725
286330725
286330725
286330725
286330725
286330725
286330725
286330725
286330725
286330725
286330725
286330725
286330725
286330725
286330725
286330725
286330725
286330725
286330725
286330725
286330725
286330725
286330725
286330725
286330725
286330725
286330725
286330725
286330725
286330725
286330725
286330725
286330725
286330725
286330725
286330725
286330725
286330725
286330725
286330725
286330725
286330725
286330725
286330725
286330725
286330725
286330725
286330725
286330725
286330725
286330725
286330725
286330725
286330725
286330725
286330725
286330725
286330725
286330725
286330725
286330725
286330725
286330725
286330725
286330725
286330725
286330725
286330725
286330725
286330725
286330725
286330725
286330725
286330725
286330725
286330725
286330725
286330725
286330725
286330725
286330725
286330725
286330725
286330725
286330725
286330725
286330725
286330725
286330725
286330725
286330725
286330725
286330725
286330725
286330725
286330725
286330725
286330725
286330725
286330725
286330725
286330725
286330725
286330725
286330725
286330725
286330725
286330725
286330725
286330725
286330725
286330725
286330725
286330725
286330725
286330725
286330725
286330725
286330725
286330725
286330725
286330725
286330725
286330725
286330725
286330725
286330725
286330725
286330725
286330725
286330725
286330725
286330725
286330725
286330725
286330725
286330725
286330725
286330725
286330725
286330725
286330725
286330725
286330725
286330725
286330725
286330725
286330725
286330725
286330725
286330725
286330725
286330725
286330725
286330725
286330725
286330725
286330725
286330725
286330725
286330725
286330725
286330725
286330725
286330725
286330725
286330725
286330725
286330725
286330725
286330725
286330725
286330725
286330725
286330725
286330725
286330725
286330725
286330725
286330725
286330725
286330725
286330725
286330725
286330725
286330725
286330725
286330725
286330725
286330725
286330725
286330725
286330725
286330725
286330725
286330725
286330725
286330725
286330725
286330725
286330725
286330725
286330725
286330725
286330725
286330725
286330725
286330725
286330725
286330725
286330725
286330725
286330725
286330725
286330725
286330725
286330725
286330725
286330725
286330725
286330725
286330725
286330725
286330725
286330725
286330725
286330725
286330725
286330725
286330725
286330725
286330725
286330725
286330725
286330725
286330725
286330725
286330725
286330725
286330725
286330725
286330725
286330725
286330725
286330725
286330725
286330725
286330725
286330725
286330725
286330725
286330725
286330725
286330725
286330725
286330725
286330725
286330725
286330725
286330725
286330725
286330725
286330725
286330725
286330725
286330725
286330725
286330725
286330725
286330725
286330725
286330725
286330725
286330725
286330725
286330725
286330725
286330725
286330725
286330725
286330725
286330725
286330725
286330725
286330725
286330725
286330725
286330725
286330725
286330725
286330725
286330725
286330725
286330725
286330725
286330725
286330725
286330725
286330725
286330725
286330725
286330725
286330725
286330725
286330725
286330725
286330725
286330725
286330725
286330725
286330725
286330725
286330725
286330725
286330725
286330725
286330725
286330725
286330725
286330725
286330725
286330725
286330725
286330725
286330725
286330725
286330725
286330725
286330725
286330725
286330725
286330725
286330725
286330725
286330725
286330725
286330725
286330725
286330725
286330725
286330725
286330725
286330725
286330725
286330725
286330725
286330725
286330725
286330725
286330725
286330725
286330725
286330725
286330725
286330725
286330725
286330725
286330725
286330725
286330725
286330725
286330725
286330725
286330725
286330725
286330725
286330725
286330725
286330725
286330725
286330725
286330725
286330725
286330725
286330725
286330725
286330725
286330725
286330725
286330725
286330725
286330725
286330725
286330725
286330725
286330725
286330725
286330725
286330725
286330725
286330725
286330725
286330725
286330725
286330725
286330725
286330725
286330725
286330725
286330725
286330725
286330725
286330725
286330725
286330725
286330725
286330725
286330725
286330725
286330725
286330725
286330725
286330725
286330725
286330725
286330725
286330725
286330725
286330725
286330725
286330725
286330725
286330725
286330725
286330725
286330725
286330725
286330725
286330725
286330725
286330725
286330725
286330725
286330725
286330725
286330725
286330725
286330725
286330725
286330725
286330725
286330725
286330725
286330725
286330725
286330725
286330725
286330725
286330725
286330725
286330725
286330725
286330725
286330725
286330725
286330725
286330725
286330725
286330725
286330725
286330725
286330725
286330725
286330725
286330725
286330725
286330725
286330725
286330725
286330725
286330725
286330725
286330725
286330725
286330725
286330725
286330725
286330725
286330725
286330725
286330725
286330725
286330725
286330725
286330725
286330725
286330725
286330725
286330725
286330725
286330725
286330725
286330725
286330725
286330725
286330725
286330725
286330725
286330725
286330725
286330725
286330725
286330725
286330725
286330725
286330725
286330725
286330725
286330725
286330725
286330725
286330725
286330725
286330725
286330725
286330725
286330725
286330725
286330725
286330725
286330725
286330725
286330725
286330725
286330725
286330725
286330725
286330725
286330725
286330725
286330725
286330725
286330725
286330725
286330725
286330725
286330725
286330725
286330725
286330725
286330725
286330725
286330725
286330725
286330725
286330725
286330725
286330725
286330725
286330725
286330725
286330725
286330725
286330725
286330725
286330725
286330725
286330725
286330725
286330725
286330725
286330725
286330725
286330725
286330725
286330725
286330725
286330725
286330725
286330725
286330725
286330725
286330725
286330725
286330725
286330725
286330725
286330725
286330725
286330725
286330725
286330725
286330725
286330725
286330725
286330725
286330725
286330725
286330725
286330725
286330725
286330725
286330725
286330725
286330725
286330725
286330725
286330725
286330725
286330725
286330725
286330725
286330725
286330725
286330725
286330725
286330725
286330725
286330725
286330725
286330725
286330725
286330725
286330725
286330725
286330725
286330725
286330725
286330725
286330725
286330725
286330725
286330725
286330725
286330725
286330725
286330725
286330725
286330725
286330725
286330725
286330725
286330725
286330725
286330725
286330725
286330725
286330725
286330725
286330725
286330725
286330725
286330725
286330725
286330725
286330725
286330725
286330725
286330725
286330725
286330725
286330725
286330725
286330725
286330725
286330725
286330725
286330725
286330725
286330725
286330725
286330725
286330725
286330725
286330725
286330725
286330725
286330725
286330725
286330725
286330725
286330725
286330725
286330725
286330725
286330725
286330725
286330725
286330725
286330725
286330725
286330725
286330725
286330725
286330725
286330725
286330725
286330725
286330725
286330725
286330725
286330725
286330725
286330725
286330725
286330725
286330725
286330725
286330725
286330725
286330725
286330725
286330725
286330725
286330725
286330725
286330725
286330725
286330725
286330725
286330725
286330725
286330725
286330725
286330725
286330725
286330725
286330725
286330725
286330725
286330725
286330725
286330725
286330725
286330725
286330725
286330725
286330725
286330725
286330725
286330725
286330725
286330725
286330725
286330725
286330725
286330725
286330725
286330725
286330725
286330725
286330725
286330725
286330725
286330725
286330725
286330725
286330725
286330725
286330725
286330725
286330725
286330725
286330725
286330725
286330725
286330725
286330725
286330725
286330725
286330725
286330725
286330725
286330725
286330725
286330725
286330725
286330725
286330725
286330725
286330725
286330725
286330725
286330725
286330725
286330725
286330725
286330725
286330725
286330725
286330725
286330725
286330725
286330725
286330725
286330725
286330725
286330725
286330725
286330725
286330725
286330725
286330725
286330725
286330725
286330725
286330725
286330725
286330725
286330725
286330725
286330725
286330725
286330725
286330725
286330725
286330725
286330725
286330725
286330725
286330725
286330725
286330725
286330725
286330725
286330725
286330725
286330725
286330725
286330725
286330725
286330725
286330725
286330725
286330725
286330725
286330725
286330725
286330725
286330725
286330725
286330725
286330725
286330725
286330725
286330725
286330725
286330725
286330725
286330725
286330725
286330725
286330725
286330725
286330725
286330725
286330725
286330725
286330725
286330725
286330725
286330725
286330725
286330725
286330725
286330725
286330725
286330725
286330725
286330725
286330725
286330725
286330725
286330725
286330725
286330725
286330725
286330725
286330725
286330725
286330725
286330725
286330725
286330725
286330725
286330725
286330725
286330725
286330725
286330725
286330725
286330725
286330725
286330725
286330725
286330725
286330725
286330725
286330725
286330725
286330725
286330725
286330725
286330725
286330725
286330725
286330725
286330725
286330725
286330725
286330725
286330725
286330725
286330725
286330725
286330725
286330725
286330725
286330725
286330725
286330725
286330725
286330725
286330725
286330725
286330725
286330725
286330725
286330725
286330725
286330725
286330725
286330725
286330725
286330725
286330725
286330725
-1717986921
-1717986921
-1717986921
-1717986921
-1717986921
-1717986921
-1717986921
-1717986921
-1717986921
-1717986921
-1717986921
-1717986921
-1717986921
-1717986921
-1717986921
-1717986921
-1717986921
-1717986921
-1717986921
-1717986921
-1717986921
-1717986921
-1717986921
-1717986921
-1717986921
-1717986921
-1717986921
-1717986921
-1717986921
-1717986921
-1717986921
-1717986921
-1717986921
-1717986921
-1717986921
-1717986921
-1717986921
-1717986921
-1717986921
-1717986921
-1717986921
-1717986921
-1717986921
-1717986921
-1717986921
-1717986921
-1717986921
-1717986921
-1717986921
-1717986921
-1717986921
-1717986921
-1717986921
-1717986921
-1717986921
-1717986921
-1717986921
-1717986921
-1717986921
-1717986921
-1717986921
-1717986921
-1717986921
-1717986921
-1717986921
-1717986921
-1717986921
-1717986921
-1717986921
-1717986921
-1717986921
-1717986921
-1717986921
-1717986921
-1717986921
-1717986921
-1717986921
-1717986921
-1717986921
-1717986921
-1717986921
-1717986921
-1717986921
-1717986921
-1717986921
-1717986921
-1717986921
-1717986921
-1717986921
-1717986921
-1717986921
-1717986921
-1717986921
-1717986921
-1717986921
-1717986921
-1717986921
-1717986921
-1717986921
-1717986921
-1717986921
-1717986921
-1717986921
-1717986921
-1717986921
-1717986921
-1717986921
-1717986921
-1717986921
-1717986921
-1717986921
-1717986921
-1717986921
-1717986921
-1717986921
-1717986921
-1717986921
-1717986921
-1717986921
-1717986921
-1717986921
-1717986921
-1717986921
-1717986921
-1717986921
-1717986921
-1717986921
-1717986921
-1717986921
-1717986921
-1717986921
-1717986921
-1717986921
-1717986921
-1717986921
-1717986921
-1717986921
-1717986921
-1717986921
-1717986921
-1717986921
-1717986921
-1717986921
-1717986921
-1717986921
-1717986921
-1717986921
-1717986921
-1717986921
-1717986921
-1717986921
-1717986921
-1717986921
-1717986921
-1717986921
-1717986921
-1717986921
-1717986921
-1717986921
-1717986921
-1717986921
-1717986921
-1717986921
-1717986921
-1717986921
-1717986921
-1717986921
-1717986921
-1717986921
-1717986921
-1717986921
-1717986921
-1717986921
-1717986921
-1717986921
-1717986921
-1717986921
-1717986921
-1717986921
-1717986921
-1717986921
-1717986921
-1717986921
-1717986921
-1717986921
-1717986921
-1717986921
-1717986921
-1717986921
-1717986921
-1717986921
-1717986921
-1717986921
-1717986921
-1717986921
-1717986921
-1717986921
-1717986921
-1717986921
-1717986921
-1717986921
-1717986921
-1717986921
-1717986921
-1717986921
-1717986921
-1717986921
-1717986921
-1717986921
-1717986921
-1717986921
-1717986921
-1717986921
-1717986921
-1717986921
-1717986921
-1717986921
-1717986921
-1717986921
-1717986921
-1717986921
-1717986921
-1717986921
-1717986921
-1717986921
-1717986921
-1717986921
-1717986921
-1717986921
-1717986921
-1717986921
-1717986921
-1717986921
-1717986921
-1717986921
-1717986921
-1717986921
-1717986921
-1717986921
-1717986921
-1717986921
-1717986921
-1717986921
-1717986921
-1717986921
-1717986921
-1717986921
-1717986921
-1717986921
-1717986921
-1717986921
-1717986921
-1717986921
-1717986921
-1717986921
-1717986921
-1717986921
-1717986921
-1717986921
-1717986921
-1717986921
-1717986921
-1717986921
-1717986921
-1717986921
-1717986921
-1717986921
-1717986921
-1717986921
-1717986921
-1717986921
-1717986921
-1717986921
-1717986921
-1717986921
-1717986921
-1717986921
-1717986921
-1717986921
-1717986921
-1717986921
-1717986921
-1717986921
-1717986921
-1717986921
-1717986921
-1717986921
-1717986921
-1717986921
-1717986921
-1717986921
-1717986921
-1717986921
-1717986921
-1717986921
-1717986921
-1717986921
-1717986921
-1717986921
-1717986921
-1717986921
-1717986921
-1717986921
-1717986921
-1717986921
-1717986921
-1717986921
-1717986921
-1717986921
-1717986921
-1717986921
-1717986921
-1717986921
-1717986921
-1717986921
-1717986921
-1717986921
-1717986921
-1717986921
-1717986921
-1717986921
-1717986921
-1717986921
-1717986921
-1717986921
-1717986921
-1717986921
-1717986921
-1717986921
-1717986921
-1717986921
-1717986921
-1717986921
-1717986921
-1717986921
-1717986921
-1717986921
-1717986921
-1717986921
-1717986921
-1717986921
-1717986921
-1717986921
-1717986921
-1717986921
-1717986921
-1717986921
-1717986921
-1717986921
-1717986921
-1717986921
-1717986921
-1717986921
-1717986921
-1717986921
-1717986921
-1717986921
-1717986921
-1717986921
-1717986921
-1717986921
-1717986921
-1717986921
-1717986921
-1717986921
-1717986921
-1717986921
-1717986921
-1717986921
-1717986921
-1717986921
-1717986921
-1717986921
-1717986921
-1717986921
-1717986921
-1717986921
-1717986921
-1717986921
-1717986921
-1717986921
-1717986921
-1717986921
-1717986921
-1717986921
-1717986921
-1717986921
-1717986921
-1717986921
-1717986921
-1717986921
-1717986921
-1717986921
-1717986921
-1717986921
-1717986921
-1717986921
-1717986921
-1717986921
-1717986921
-1717986921
-1717986921
-1717986921
-1717986921
-1717986921
-1717986921
-1717986921
-1717986921
-1717986921
-1717986921
-1717986921
-1717986921
-1717986921
-1717986921
-1717986921
-1717986921
-1717986921
-1717986921
-1717986921
-1717986921
-1717986921
-1717986921
-1717986921
-1717986921
-1717986921
-1717986921
-1717986921
-1717986921
-1717986921
-1717986921
-1717986921
-1717986921
-1717986921
-1717986921
-1717986921
-1717986921
-1717986921
-1717986921
-1717986921
-1717986921
-1717986921
-1717986921
-1717986921
-1717986921
-1717986921
-1717986921
-1717986921
-1717986921
-1717986921
-1717986921
-1717986921
-1717986921
-1717986921
-1717986921
-1717986921
-1717986921
-1717986921
-1717986921
-1717986921
-1717986921
-1717986921
-1717986921
-1717986921
-1717986921
-1717986921
-1717986921
-1717986921
-1717986921
-1717986921
-1717986921
-1717986921
-1717986921
-1717986921
-1717986921
-1717986921
-1717986921
-1717986921
-1717986921
-1717986921
-1717986921
-1717986921
-1717986921
-1717986921
-1717986921
-1717986921
-1717986921
-1717986921
-1717986921
-1717986921
-1717986921
-1717986921
-1717986921
-1717986921
-1717986921
-1717986921
-1717986921
-1717986921
-1717986921
-1717986921
-1717986921
-1717986921
-1717986921
-1717986921
-1717986921
-1717986921
-1717986921
-1717986921
-1717986921
-1717986921
-1717986921
-1717986921
-1717986921
-1717986921
-1717986921
-1717986921
-1717986921
-1717986921
-1717986921
-1717986921
-1717986921
-1717986921
-1717986921
-1717986921
-1717986921
-1717986921
-1717986921
-1717986921
-1717986921
-1717986921
-1717986921
-1717986921
-1717986921
-1717986921
-1717986921
-1717986921
-1717986921
-1717986921
-1717986921
-1717986921
-1717986921
-1717986921
-1717986921
-1717986921
-1717986921
-1717986921
-1717986921
-1717986921
-1717986921
-1717986921
-1717986921
-1717986921
-1717986921
-1717986921
-1717986921
-1717986921
-1717986921
-1717986921
-1717986921
-1717986921
-1717986921
-1717986921
-1717986921
-1717986921
-1717986921
-1717986921
-1717986921
-1717986921
-1717986921
-1717986921
-1717986921
-1717986921
-1717986921
-1717986921
-1717986921
-1717986921
-1717986921
-1717986921
-1717986921
-1717986921
-1717986921
-1717986921
-1717986921
-1717986921
-1717986921
-1717986921
-1717986921
-1717986921
-1717986921
-1717986921
-1717986921
-1717986921
-1717986921
-1717986921
-1717986921
-1717986921
-1717986921
-1717986921
-1717986921
-1717986921
-1717986921
-1717986921
-1717986921
-1717986921
-1717986921
-1717986921
-1717986921
-1717986921
-1717986921
-1717986921
-1717986921
-1717986921
-1717986921
-1717986921
-1717986921
-1717986921
-1717986921
-1717986921
-1717986921
-1717986921
-1717986921
-1717986921
-1717986921
-1717986921
-1717986921
-1717986921
-1717986921
-1717986921
-1717986921
-1717986921
-1717986921
-1717986921
-1717986921
-1717986921
-1717986921
-1717986921
-1717986921
-1717986921
-1717986921
-1717986921
-1717986921
-1717986921
-1717986921
-1717986921
-1717986921
-1717986921
-1717986921
-1717986921
-1717986921
-1717986921
-1717986921
-1717986921
-1717986921
-1717986921
-1717986921
-1717986921
-1717986921
-1717986921
-1717986921
-1717986921
-1717986921
-1717986921
-1717986921
-1717986921
-1717986921
-1717986921
-1717986921
-1717986921
-1717986921
-1717986921
-1717986921
-1717986921
-1717986921
-1717986921
-1717986921
-1717986921
-1717986921
-1717986921
-1717986921
-1717986921
-1717986921
-1717986921
-1717986921
-1717986921
-1717986921
-1717986921
-1717986921
-1717986921
-1717986921
-1717986921
-1717986921
-1717986921
-1717986921
-1717986921
-1717986921
-1717986921
-1717986921
-1717986921
-1717986921
-1717986921
-1717986921
-1717986921
-1717986921
-1717986921
-1717986921
-1717986921
-1717986921
-1717986921
-1717986921
-1717986921
-1717986921
-1717986921
-1717986921
-1717986921
-1717986921
-1717986921
-1717986921
-1717986921
-1717986921
-1717986921
-1717986921
-1717986921
-1717986921
-1717986921
-1717986921
-1717986921
-1717986921
-1717986921
-1717986921
-1717986921
-1717986921
-1717986921
-1717986921
-1717986921
-1717986921
-1717986921
-1717986921
-1717986921
-1717986921
-1717986921
-1717986921
-1717986921
-1717986921
-1717986921
-1717986921
-1717986921
-1717986921
-1717986921
-1717986921
-1717986921
-1717986921
-1717986921
-1717986921
-1717986921
-1717986921
-1717986921
-1717986921
-1717986921
-1717986921
-1717986921
-1717986921
-1717986921
-1717986921
-1717986921
-1717986921
-1717986921
-1717986921
-1717986921
-1717986921
-1717986921
-1717986921
-1717986921
-1717986921
-1717986921
-1717986921
-1717986921
-1717986921
-1717986921
-1717986921
-1717986921
-1717986921
-1717986921
-1717986921
-1717986921
-1717986921
-1717986921
-1717986921
-1717986921
-1717986921
-1717986921
-1717986921
-1717986921
-1717986921
-1717986921
-1717986921
-1717986921
-1717986921
-1717986921
-1717986921
-1717986921
-1717986921
-1717986921
-1717986921
-1717986921
-1717986921
-1717986921
-1717986921
-1717986921
-1717986921
-1717986921
-1717986921
-1717986921
-1717986921
-1717986921
-1717986921
-1717986921
-1717986921
-1717986921
-1717986921
-1717986921
-1717986921
-1717986921
-1717986921
-1717986921
-1717986921
-1717986921
-1717986921
-1717986921
-1717986921
-1717986921
-1717986921
-1717986921
-1717986921
-1717986921
-1717986921
-1717986921
-1717986921
-1717986921
-1717986921
-1717986921
-1717986921
-1717986921
-1717986921
-1717986921
-1717986921
-1717986921
-1717986921
-1717986921
-1717986921
-1717986921
-1717986921
-1717986921
-1717986921
-1717986921
-1717986921
-1717986921
-1717986921
-1717986921
-1717986921
-1717986921
-1717986921
-1717986921
-1717986921
-1717986921
-1717986921
-1717986921
-1717986921
-1717986921
-1717986921
-1717986921
-1717986921
-1717986921
-1717986921
-1717986921
-1717986921
-1717986921
-1717986921
-1717986921
-1717986921
-1717986921
-1717986921
-1717986921
-1717986921
-1717986921
-1717986921
-1717986921
-1717986921
-1717986921
-1717986921
-1717986921
-1717986921
-1717986921
-1717986921
-1717986921
-1717986921
-1717986921
-1717986921
-1717986921
-1717986921
-1717986921
-1717986921
-1717986921
-1717986921
-1717986921
-1717986921
-1717986921
-1717986921
-1717986921
-1717986921
-1717986921
-1717986921
-1717986921
-1717986921
-1717986921
-1717986921
-1717986921
-1717986921
-1717986921
-1717986921
-1717986921
-1717986921
-1717986921
-1717986921
-1717986921
-1717986921
-1717986921
-1717986921
-1717986921
-1717986921
-1717986921
-1717986921
-1717986921
-1717986921
-1717986921
-1717986921
-1717986921
-1717986921
-1717986921
-1717986921
-1717986921
-1717986921
-1717986921
-1717986921
-1717986921
-1717986921
-1717986921
-1717986921
-1717986921
-1717986921
-1717986921
-1717986921
-1717986921
-1717986921
-1717986921
-1717986921
-1717986921
-1717986921
-1717986921
-1717986921
-1717986921
-1717986921
-1717986921
-1717986921
-1717986921
-1717986921
-1717986921
-1717986921
-1717986921
-1717986921
-1717986921
-1717986921
-1717986921
-1717986921
-1717986921
-1717986921
-1717986921
-1717986921
-1717986921
-1717986921
-1717986921
-1717986921
-1717986921
-1717986921
-1717986921
-1717986921
-1717986921
-1717986921
-1717986921
-1717986921
-1717986921
-1717986921
-1717986921
-1717986921
-1717986921
-1717986921
-1717986921
-1717986921
-1717986921
-1717986921
-1717986921
-1717986921
-1717986921
-1717986921
-1717986921
-1717986921
-1717986921
-1717986921
-1717986921
-1717986921
-1717986921
-1717986921
-1717986921
-1717986921
-1717986921
-1717986921
-1717986921
-1717986921
-1717986921
-1717986921
-1717986921
-1717986921
-1717986921
-1717986921
-1717986921
-1717986921
-1717986921
-1717986921
-1717986921
-1717986921
-1717986921
-1717986921
-1717986921
-1717986921
-1717986921
-1717986921
-1717986921
-1717986921
-1717986921
-1717986921
-1717986921
-1717986921
-1717986921
-1717986921
-1717986921
-1717986921
-1717986921
-1717986921
-1717986921
-1717986921
-1717986921
-1717986921
-1717986921
-1717986921
-1717986921
-1717986921
-1717986921
-1717986921
-1717986921
-1717986921
-1717986921
-1717986921
-1717986921
-1717986921
-1717986921
-1717986921
-1717986921
-1717986921
-1717986921
-1717986921
-1717986921
-1717986921
-1717986921
-1717986921
-1717986921
-1717986921
-1717986921
-1717986921
-1717986921
-1717986921
-1717986921
-1717986921
-1717986921
-1717986921
-1717986921
-1717986921
-1717986921
-1717986921
-1717986921
-1717986921
-1717986921
-1717986921
-1717986921
-1717986921
-1717986921
-1717986921
-1717986921
-1717986921
-1717986921
-1717986921
-1717986921
-1717986921
-1717986921
-1717986921
-1717986921
-1717986921
-1717986921
-1717986921
-1717986921
-1717986921
-1717986921
-1717986921
-1717986921
-1717986921
-1717986921
-1717986921
-1717986921
-1717986921
-1717986921
-1717986921
-1717986921
-1717986921
-1717986921
-1717986921
-1717986921
-1717986921
-1717986921
-1717986921
-1717986921
-1717986921
-1717986921
-1717986921
-1717986921
-1717986921
-1717986921
-1717986921
-1717986921
-1717986921
-1717986921
-1717986921
-1717986921
-1717986921
-1717986921
-1717986921
-1717986921
-1717986921
-1717986921
-1717986921
-1717986921
-1717986921
-1717986921
-1717986921
-1717986921
-1717986921
-1717986921
-1717986921
-1717986921
-1717986921
-1717986921
-1717986921
-1717986921
-1717986921
-1717986921
-1717986921
-1717986921
-1717986921
-1717986921
-1717986921
-1717986921
-1717986921
-1717986921
-1717986921
-1717986921
-1717986921
-1717986921
-1717986921
-1717986921
-1717986921
-1717986921
-1717986921
-1717986921
-1717986921
-1717986921
-1717986921
-1717986921
-1717986921
-1717986921
-1717986921
-1717986921
-1717986921
-1717986921
-1717986921
-1717986921
-1717986921
-1717986921
-1717986921
-1717986921
-1717986921
-1717986921
-1717986921
-1717986921
-1717986921
-1717986921
-1717986921
-1717986921
-1717986921
-1717986921
-1717986921
-1717986921
-1717986921
-1717986921
-1717986921
-1717986921
-1717986921
-1717986921
-1717986921
-1717986921
-1717986921
-1717986921
-1717986921
-1717986921
-1717986921
-1717986921
-1717986921
-1717986921
-1717986921
-1717986921
-1717986921
-1717986921
-1717986921
-1717986921
-1717986921
-1717986921
-1717986921
-1717986921
-1717986921
-1717986921
-1717986921
-1717986921
-1717986921
-1717986921
-1717986921
-1717986921
-1717986921
-1717986921
-1717986921
-1717986921
-1717986921
-1717986921
-1717986921
-1717986921
-1717986921
-1717986921
-1717986921
-1717986921
-1717986921
-1717986921
-1717986921
-1717986921
-1717986921
-1717986921
-1717986921
-1717986921
-1717986921
-1717986921
-1717986921
-1717986921
-1717986921
-1717986921
-1717986921
-1717986921
-1717986921
-1717986921
-1717986921
-1717986921
-1717986921
-1717986921
-1717986921
-1717986921
-1717986921
-1717986921
-1717986921
-1717986921
-1717986921
-1717986921
-1717986921
-1717986921
-1717986921
-1717986921
-1717986921
-1717986921
-1717986921
-1717986921
-1717986921
-1717986921
-1717986921
-1717986921
-1717986921
-1717986921
-1717986921
-1717986921
-1717986921
-1717986921
-1717986921
-1717986921
-1717986921
-1717986921
-1717986921
-1717986921
-1717986921
-1717986921
-1717986921
-1717986921
-1717986921
-1717986921
-1717986921
-1717986921
-1717986921
-1717986921
-1717986921
-1717986921
-1717986921
-1717986921
-1717986921
-1717986921
-1717986921
-1717986921
-1717986921
-1717986921
-1717986921
-1717986921
-1717986921
-1717986921
-1717986921
-1717986921
-1717986921
-1717986921
-1717986921
-1717986921
-1717986921
-1717986921
-1717986921
-1717986921
-1717986921
-1717986921
-1717986921
-1717986921
-1717986921
-1717986921
-1717986921
-1717986921
-1717986921
-1717986921
-1717986921
-1717986921
-1717986921
-1717986921
-1717986921
-1717986921
-1717986921
-1717986921
-1717986921
-1717986921
-1717986921
-1717986921
-1717986921
-1717986921
-1717986921
-1717986921
-1717986921
-1717986921
-1717986921
-1717986921
-1717986921
-1717986921
-1717986921
-1717986921
-1717986921
-1717986921
-1717986921
-1717986921
-1717986921
-1717986921
-1717986921
-1717986921
-1717986921
-1717986921
-1717986921
-1717986921
-1717986921
-1717986921
-1717986921
-1717986921
-1717986921
-1717986921
-1717986921
-1717986921
-1717986921
-1717986921
-1717986921
-1717986921
-1717986921
-1717986921
-1717986921
-1717986921
-1717986921
-1717986921
-1717986921
-1717986921
-1717986921
-1717986921
-1717986921
-1717986921
-1717986921
-1717986921
-1717986921
-1717986921
-1717986921
-1717986921
-1717986921
-1717986921
-1717986921
-1717986921
-1717986921
-1717986921
-1717986921
-1717986921
-1717986921
-1717986921
-1717986921
-1717986921
-1717986921
-1717986921
-1717986921
-1717986921
-1717986921
-1717986921
-1717986921
-1717986921
-1717986921
-1717986921
-1717986921
-1717986921
-1717986921
-1717986921
-1717986921
-1717986921
-1717986921
-1717986921
-1717986921
-1717986921
-1717986921
-1717986921
-1717986921
-1717986921
-1717986921
-1717986921
-1717986921
-1717986921
-1717986921
-1717986921
-1717986921
-1717986921
-1717986921
-1717986921
-1717986921
-1717986921
-1717986921
-1717986921
-1717986921
-1717986921
-1717986921
-1717986921
-1717986921
-1717986921
-1717986921
-1717986921
-1717986921
-1717986921
-1717986921
-1717986921
-1717986921
-1717986921
-1717986921
-1717986921
-1717986921
-1717986921
-1717986921
-1717986921
-1717986921
-1717986921
-1717986921
-1717986921
-1717986921
-1717986921
-1717986921
-1717986921
-1717986921
-1717986921
-1717986921
-1717986921
-1717986921
-1717986921
-1717986921
-1717986921
-1717986921
-1717986921
-1717986921
-1717986921
-1717986921
-1717986921
-1717986921
-1717986921
-1717986921
-1717986921
-1717986921
-1717986921
-1717986921
-1717986921
-1717986921
-1717986921
-1717986921
-1717986921
-1717986921
-1717986921
-1717986921
-1717986921
-1717986921
-1717986921
-1717986921
-1717986921
-1717986921
-1717986921
-1717986921
-1717986921
-1717986921
-1717986921
-1717986921
-1717986921
-1717986921
-1717986921
-1717986921
-1717986921
-1717986921
-1717986921
-1717986921
-1717986921
-1717986921
-1717986921
-1717986921
-1717986921
-1717986921
-1717986921
-1717986921
-1717986921
-1717986921
-1717986921
-1717986921
-1717986921
-1717986921
-1717986921
-1717986921
-1717986921
-1717986921
-1717986921
-1717986921
-1717986921
-1717986921
-1717986921
-1717986921
-1717986921
-1717986921
-1717986921
-1717986921
-1717986921
-1717986921
-1717986921
-1717986921
-1717986921
-1717986921
-1717986921
-1717986921
-1717986921
-1717986921
-1717986921
-1717986921
-1717986921
-1717986921
-1717986921
-1717986921
-1717986921
-1717986921
-1717986921
-1717986921
-1717986921
-1717986921
-1717986921
-1717986921
-1717986921
-1717986921
-1717986921
-1717986921
-1717986921
-1717986921
-1717986921
-1717986921
-1717986921
-1717986921
-1717986921
-1717986921
-1717986921
-1717986921
-1717986921
-1717986921
-1717986921
-1717986921
-1717986921
-1717986921
-1717986921
-1717986921
-1717986921
-1717986921
-1717986921
-1717986921
-1717986921
-1717986921
-1717986921
-1717986921
-1717986921
-1717986921
-1717986921
-1717986921
-1717986921
-1717986921
-1717986921
-1717986921
-1717986921
-1717986921
-1717986921
-1717986921
-1717986921
-1717986921
-1717986921
-1717986921
-1717986921
-1717986921
-1717986921
-1717986921
-1717986921
-1717986921
-1717986921
-1717986921
-1717986921
-1717986921
-1717986921
-1717986921
-1717986921
-1717986921
-1717986921
-1717986921
-1717986921
-1717986921
-1717986921
-1717986921
-1717986921
-1717986921
-1717986921
-1717986921
-1717986921
-1717986921
-1717986921
-1717986921
-1717986921
-1717986921
-1717986921
-1717986921
-1717986921
-1717986921
-1717986921
-1717986921
-1717986921
-1717986921
-1717986921
-1717986921
-1717986921
-1717986921
-1717986921
-1717986921
-1717986921
-1717986921
-1717986921
-1717986921
-1717986921
-1717986921
-1717986921
-1717986921
-1717986921
-1717986921
-1717986921
-1717986921
-1717986921
-1717986921
-1717986921
-1717986921
-1717986921
-1717986921
-1717986921
-1717986921
-1717986921
-1717986921
-1717986921
-1717986921
-1717986921
-1717986921
-1717986921
-1717986921
-1717986921
-1717986921
-1717986921
-1717986921
-1717986921
-1717986921
-1717986921
-1717986921
-1717986921
-1717986921
-1717986921
-1717986921
-1717986921
-1717986921
-1717986921
-1717986921
-1717986921
-1717986921
-1717986921
-1717986921
-1717986921
-1717986921
-1717986921
-1717986921
-1717986921
-1717986921
-1717986921
-1717986921
-1717986921
-1717986921
-1717986921
-1717986921
-1717986921
-1717986921
-1717986921
-1717986921
-1717986921
-1717986921
-1717986921
-1717986921
-1717986921
-1717986921
-1717986921
-1717986921
-1717986921
-1717986921
-1717986921
-1717986921
-1717986921
-1717986921
-1717986921
-1717986921
-1717986921
-1717986921
-1717986921
-1717986921
-1717986921
-1717986921
-1717986921
-1717986921
-1717986921
-1717986921
-1717986921
-1717986921
-1717986921
-1717986921
-1717986921
-1717986921
-1717986921
-1717986921
-1717986921
-1717986921
-1717986921
-1717986921
-1717986921
-1717986921
-1717986921
-1717986921
-1717986921
-1717986921
-1717986921
-1717986921
-1717986921
-1717986921
-1717986921
-1717986921
-1717986921
-1717986921
-1717986921
-1717986921
-1717986921
-1717986921
-1717986921
-1717986921
-1717986921
-1717986921
-1717986921
-1717986921
-1717986921
-1717986921
-1717986921
-1717986921
-1717986921
-1717986921
-1717986921
-1717986921
-1717986921
-1717986921
-1717986921
-1717986921
-1717986921
-1717986921
-1717986921
-1717986921
-1717986921
-1717986921
-1717986921
-1717986921
-1717986921
-1717986921
-1717986921
-1717986921
-1717986921
-1717986921
-1717986921
-1717986921
-1717986921
-1717986921
-1717986921
-1717986921
-1717986921
-1717986921
-1717986921
-1717986921
-1717986921
-1717986921
-1717986921
-1717986921
-1717986921
-1717986921
-1717986921
-1717986921
-1717986921
-1717986921
-1717986921
-1717986921
-1717986921
-1717986921
-1717986921
-1717986921
-1717986921
-1717986921
-1717986921
-1717986921
-1717986921
-1717986921
-1717986921
-1717986921
-1717986921
-1717986921
-1717986921
-1717986921
-1717986921
-1717986921
-1717986921
-1717986921
-1717986921
-1717986921
-1717986921
-1717986921
-1717986921
-1717986921
-1717986921
-1717986921
-1717986921
-1717986921
-1717986921
-1717986921
-1717986921
-1717986921
-1717986921
-1717986921
-1717986921
-1717986921
-1717986921
-1717986921
-1717986921
-1717986921
-1717986921
-1717986921
-1717986921
-1717986921
-1717986921
-1717986921
-1717986921
-1717986921
-1717986921
-1717986921
-1717986921
-1717986921
-1717986921
-1717986921
-1717986921
-1717986921
-1717986921
-1717986921
-1717986921
-1717986921
-1717986921
-1717986921
-1717986921
-1717986921
-1717986921
-1717986921
-1717986921
-1717986921
-1717986921
-1717986921
-1717986921
-1717986921
-1717986921
-1717986921
-1717986921
-1717986921
-1717986921
-1717986921
-1717986921
-1717986921
-1717986921
-1717986921
-1717986921
-1717986921
-1717986921
-1717986921
-1717986921
-1717986921
-1717986921
-1717986921
-1717986921
-1717986921
-1717986921
-1717986921
-1717986921
-1717986921
-1717986921
-1717986921
-1717986921
-1717986921
-1717986921
-1717986921
-1717986921
-1717986921
-1717986921
-1717986921
-1717986921
-1717986921
-1717986921
-1717986921
-1717986921
-1717986921
-1717986921
-1717986921
-1717986921
-1717986921
-1717986921
-1717986921
-1717986921
-1717986921
-1717986921
-1717986921
-1717986921
-1717986921
-1717986921
-1717986921
-1717986921
-1717986921
-1717986921
-1717986921
-1717986921
-1717986921
-1717986921
-1717986921
-1717986921
-1717986921
-1717986921
-1717986921
-1717986921
-1717986921
-1717986921
-1717986921
-1717986921
-1717986921
-1717986921
-1717986921
-1717986921
-1717986921
-1717986921
-1717986921
-1717986921
-1717986921
-1717986921
-1717986921
-1717986921
-1717986921
-1717986921
-1717986921
-1717986921
-1717986921
-1717986921
-1717986921
-1717986921
-1717986921
-1717986921
-1717986921
-1717986921
-1717986921
-1717986921
-1717986921
-1717986921
-1717986921
-1717986921
-1717986921
-1717986921
-1717986921
-1717986921
-1717986921
-1717986921
-1717986921
-1717986921
-1717986921
-1717986921
-1717986921
-1717986921
-1717986921
-572662307
-572662307
-572662307
-572662307
-572662307
-572662307
-572662307
-572662307
-572662307
-572662307
-572662307
-572662307
-572662307
-572662307
-572662307
-572662307
-572662307
-572662307
-572662307
-572662307
-572662307
-572662307
-572662307
-572662307
-572662307
-572662307
-572662307
-572662307
-572662307
-572662307
-572662307
-572662307
-572662307
-572662307
-572662307
-572662307
-572662307
-572662307
-572662307
-572662307
-572662307
-572662307
-572662307
-572662307
-572662307
-572662307
-572662307
-572662307
-572662307
-572662307
-572662307
-572662307
-572662307
-572662307
-572662307
-572662307
-572662307
-572662307
-572662307
-572662307
-572662307
-572662307
-572662307
-572662307
-572662307
-572662307
-572662307
-572662307
-572662307
-572662307
-572662307
-572662307
-572662307
-572662307
-572662307
-572662307
-572662307
-572662307
-572662307
-572662307
-572662307
-572662307
-572662307
-572662307
-572662307
-572662307
-572662307
-572662307
-572662307
-572662307
-572662307
-572662307
-572662307
-572662307
-572662307
-572662307
-572662307
-572662307
-572662307
-572662307
-572662307
-572662307
-572662307
-572662307
-572662307
-572662307
-572662307
-572662307
-572662307
-572662307
-572662307
-572662307
-572662307
-572662307
-572662307
-572662307
-572662307
-572662307
-572662307
-572662307
-572662307
-572662307
-572662307
-572662307
-572662307
-572662307
-572662307
-572662307
-572662307
-572662307
-572662307
-572662307
-572662307
-572662307
-572662307
-572662307
-572662307
-572662307
-572662307
-572662307
-572662307
-572662307
-572662307
-572662307
-572662307
-572662307
-572662307
-572662307
-572662307
-572662307
-572662307
-572662307
-572662307
-572662307
-572662307
-572662307
-572662307
-572662307
-572662307
-572662307
-572662307
-572662307
-572662307
-572662307
-572662307
-572662307
-572662307
-572662307
-572662307
-572662307
-572662307
-572662307
-572662307
-572662307
-572662307
-572662307
-572662307
-572662307
-572662307
-572662307
-572662307
-572662307
-572662307
-572662307
-572662307
-572662307
-572662307
-572662307
-572662307
-572662307
-572662307
-572662307
-572662307
-572662307
-572662307
-572662307
-572662307
-572662307
-572662307
-572662307
-572662307
-572662307
-572662307
-572662307
-572662307
-572662307
-572662307
-572662307
-572662307
-572662307
-572662307
-572662307
-572662307
-572662307
-572662307
-572662307
-572662307
-572662307
-572662307
-572662307
-572662307
-572662307
-572662307
-572662307
-572662307
-572662307
-572662307
-572662307
-572662307
-572662307
-572662307
-572662307
-572662307
-572662307
-572662307
-572662307
-572662307
-572662307
-572662307
-572662307
-572662307
-572662307
-572662307
-572662307
-572662307
-572662307
-572662307
-572662307
-572662307
-572662307
-572662307
-572662307
-572662307
-572662307
-572662307
-572662307
-572662307
-572662307
-572662307
-572662307
-572662307
-572662307
-572662307
-572662307
-572662307
-572662307
-572662307
-572662307
-572662307
-572662307
-572662307
-572662307
-572662307
-572662307
-572662307
-572662307
-572662307
-572662307
-572662307
-572662307
-572662307
-572662307
-572662307
-572662307
-572662307
-572662307
-572662307
-572662307
-572662307
-572662307
-572662307
-572662307
-572662307
-572662307
-572662307
-572662307
-572662307
-572662307
-572662307
-572662307
-572662307
-572662307
-572662307
-572662307
-572662307
-572662307
-572662307
-572662307
-572662307
-572662307
-572662307
-572662307
-572662307
-572662307
-572662307
-572662307
-572662307
-572662307
-572662307
-572662307
-572662307
-572662307
-572662307
-572662307
-572662307
-572662307
-572662307
-572662307
-572662307
-572662307
-572662307
-572662307
-572662307
-572662307
-572662307
-572662307
-572662307
-572662307
-572662307
-572662307
-572662307
-572662307
-572662307
-572662307
-572662307
-572662307
-572662307
-572662307
-572662307
-572662307
-572662307
-572662307
-572662307
-572662307
-572662307
-572662307
-572662307
-572662307
-572662307
-572662307
-572662307
-572662307
-572662307
-572662307
-572662307
-572662307
-572662307
-572662307
-572662307
-572662307
-572662307
-572662307
-572662307
-572662307
-572662307
-572662307
-572662307
-572662307
-572662307
-572662307
-572662307
-572662307
-572662307
-572662307
-572662307
-572662307
-572662307
-572662307
-572662307
-572662307
-572662307
-572662307
-572662307
-572662307
-572662307
-572662307
-572662307
-572662307
-572662307
-572662307
-572662307
-572662307
-572662307
-572662307
-572662307
-572662307
-572662307
-572662307
-572662307
-572662307
-572662307
-572662307
-572662307
-572662307
-572662307
-572662307
-572662307
-572662307
-572662307
-572662307
-572662307
-572662307
-572662307
-572662307
-572662307
-572662307
-572662307
-572662307
-572662307
-572662307
-572662307
-572662307
-572662307
-572662307
-572662307
-572662307
-572662307
-572662307
-572662307
-572662307
-572662307
-572662307
-572662307
-572662307
-572662307
-572662307
-572662307
-572662307
-572662307
-572662307
-572662307
-572662307
-572662307
-572662307
-572662307
-572662307
-572662307
-572662307
-572662307
-572662307
-572662307
-572662307
-572662307
-572662307
-572662307
-572662307
-572662307
-572662307
-572662307
-572662307
-572662307
-572662307
-572662307
-572662307
-572662307
-572662307
-572662307
-572662307
-572662307
-572662307
-572662307
-572662307
-572662307
-572662307
-572662307
-572662307
-572662307
-572662307
-572662307
-572662307
-572662307
-572662307
-572662307
-572662307
-572662307
-572662307
-572662307
-572662307
-572662307
-572662307
-572662307
-572662307
-572662307
-572662307
-572662307
-572662307
-572662307
-572662307
-572662307
-572662307
-572662307
-572662307
-572662307
-572662307
-572662307
-572662307
-572662307
-572662307
-572662307
-572662307
-572662307
-572662307
-572662307
-572662307
-572662307
-572662307
-572662307
-572662307
-572662307
-572662307
-572662307
-572662307
-572662307
-572662307
-572662307
-572662307
-572662307
-572662307
-572662307
-572662307
-572662307
-572662307
-572662307
-572662307
-572662307
-572662307
-572662307
-572662307
-572662307
-572662307
-572662307
-572662307
-572662307
-572662307
-572662307
-572662307
-572662307
-572662307
-572662307
-572662307
-572662307
-572662307
-572662307
-572662307
-572662307
-572662307
-572662307
-572662307
-572662307
-572662307
-572662307
-572662307
-572662307
-572662307
-572662307
-572662307
-572662307
-572662307
-572662307
-572662307
-572662307
-572662307
-572662307
-572662307
-572662307
-572662307
-572662307
-572662307
-572662307
-572662307
-572662307
-572662307
-572662307
-572662307
-572662307
-572662307
-572662307
-572662307
-572662307
-572662307
-572662307
-572662307
-572662307
-572662307
-572662307
-572662307
-572662307
-572662307
-572662307
-572662307
-572662307
-572662307
-572662307
-572662307
-572662307
-572662307
-572662307
-572662307
-572662307
-572662307
-572662307
-572662307
-572662307
-572662307
-572662307
-572662307
-572662307
-572662307
-572662307
-572662307
-572662307
-572662307
-572662307
-572662307
-572662307
-572662307
-572662307
-572662307
-572662307
-572662307
-572662307
-572662307
-572662307
-572662307
-572662307
-572662307
-572662307
-572662307
-572662307
-572662307
-572662307
-572662307
-572662307
-572662307
-572662307
-572662307
-572662307
-572662307
-572662307
-572662307
-572662307
-572662307
-572662307
-572662307
-572662307
-572662307
-572662307
-572662307
-572662307
-572662307
-572662307
-572662307
-572662307
-572662307
-572662307
-572662307
-572662307
-572662307
-572662307
-572662307
-572662307
-572662307
-572662307
-572662307
-572662307
-572662307
-572662307
-572662307
-572662307
-572662307
-572662307
-572662307
-572662307
-572662307
-572662307
-572662307
-572662307
-572662307
-572662307
-572662307
-572662307
-572662307
-572662307
-572662307
-572662307
-572662307
-572662307
-572662307
-572662307
-572662307
-572662307
-572662307
-572662307
-572662307
-572662307
-572662307
-572662307
-572662307
-572662307
-572662307
-572662307
-572662307
-572662307
-572662307
-572662307
-572662307
-572662307
-572662307
-572662307
-572662307
-572662307
-572662307
-572662307
-572662307
-572662307
-572662307
-572662307
-572662307
-572662307
-572662307
-572662307
-572662307
-572662307
-572662307
-572662307
-572662307
-572662307
-572662307
-572662307
-572662307
-572662307
-572662307
-572662307
-572662307
-572662307
-572662307
-572662307
-572662307
-572662307
-572662307
-572662307
-572662307
-572662307
-572662307
-572662307
-572662307
-572662307
-572662307
-572662307
-572662307
-572662307
-572662307
-572662307
-572662307
-572662307
-572662307
-572662307
-572662307
-572662307
-572662307
-572662307
-572662307
-572662307
-572662307
-572662307
-572662307
-572662307
-572662307
-572662307
-572662307
-572662307
-572662307
-572662307
-572662307
-572662307
-572662307
-572662307
-572662307
-572662307
-572662307
-572662307
-572662307
-572662307
-572662307
-572662307
-572662307
-572662307
-572662307
-572662307
-572662307
-572662307
-572662307
-572662307
-572662307
-572662307
-572662307
-572662307
-572662307
-572662307
-572662307
-572662307
-572662307
-572662307
-572662307
-572662307
-572662307
-572662307
-572662307
-572662307
-572662307
-572662307
-572662307
-572662307
-572662307
-572662307
-572662307
-572662307
-572662307
-572662307
-572662307
-572662307
-572662307
-572662307
-572662307
-572662307
-572662307
-572662307
-572662307
-572662307
-572662307
-572662307
-572662307
-572662307
-572662307
-572662307
-572662307
-572662307
-572662307
-572662307
-572662307
-572662307
-572662307
-572662307
-572662307
-572662307
-572662307
-572662307
-572662307
-572662307
-572662307
-572662307
-572662307
-572662307
-572662307
-572662307
-572662307
-572662307
-572662307
-572662307
-572662307
-572662307
-572662307
-572662307
-572662307
-572662307
-572662307
-572662307
-572662307
-572662307
-572662307
-572662307
-572662307
-572662307
-572662307
-572662307
-572662307
-572662307
-572662307
-572662307
-572662307
-572662307
-572662307
-572662307
-572662307
-572662307
-572662307
-572662307
-572662307
-572662307
-572662307
-572662307
-572662307
-572662307
-572662307
-572662307
-572662307
-572662307
-572662307
-572662307
-572662307
-572662307
-572662307
-572662307
-572662307
-572662307
-572662307
-572662307
-572662307
-572662307
-572662307
-572662307
-572662307
-572662307
-572662307
-572662307
-572662307
-572662307
-572662307
-572662307
-572662307
-572662307
-572662307
-572662307
-572662307
-572662307
-572662307
-572662307
-572662307
-572662307
-572662307
-572662307
-572662307
-572662307
-572662307
-572662307
-572662307
-572662307
-572662307
-572662307
-572662307
-572662307
-572662307
-572662307
-572662307
-572662307
-572662307
-572662307
-572662307
-572662307
-572662307
-572662307
-572662307
-572662307
-572662307
-572662307
-572662307
-572662307
-572662307
-572662307
-572662307
-572662307
-572662307
-572662307
-572662307
-572662307
-572662307
-572662307
-572662307
-572662307
-572662307
-572662307
-572662307
-572662307
-572662307
-572662307
-572662307
-572662307
-572662307
-572662307
-572662307
-572662307
-572662307
-572662307
-572662307
-572662307
-572662307
-572662307
-572662307
-572662307
-572662307
-572662307
-572662307
-572662307
-572662307
-572662307
-572662307
-572662307
-572662307
-572662307
-572662307
-572662307
-572662307
-572662307
-572662307
-572662307
-572662307
-572662307
-572662307
-572662307
-572662307
-572662307
-572662307
-572662307
-572662307
-572662307
-572662307
-572662307
-572662307
-572662307
-572662307
-572662307
-572662307
-572662307
-572662307
-572662307
-572662307
-572662307
-572662307
-572662307
-572662307
-572662307
-572662307
-572662307
-572662307
-572662307
-572662307
-572662307
-572662307
-572662307
-572662307
-572662307
-572662307
-572662307
-572662307
-572662307
-572662307
-572662307
-572662307
-572662307
-572662307
-572662307
-572662307
-572662307
-572662307
-572662307
-572662307
-572662307
-572662307
-572662307
-572662307
-572662307
-572662307
-572662307
-572662307
-572662307
-572662307
-572662307
-572662307
-572662307
-572662307
-572662307
-572662307
-572662307
-572662307
-572662307
-572662307
-572662307
-572662307
-572662307
-572662307
-572662307
-572662307
-572662307
-572662307
-572662307
-572662307
-572662307
-572662307
-572662307
-572662307
-572662307
-572662307
-572662307
-572662307
-572662307
-572662307
-572662307
-572662307
-572662307
-572662307
-572662307
-572662307
-572662307
-572662307
-572662307
-572662307
-572662307
-572662307
-572662307
-572662307
-572662307
-572662307
-572662307
-572662307
-572662307
-572662307
-572662307
-572662307
-572662307
-572662307
-572662307
-572662307
-572662307
-572662307
-572662307
-572662307
-572662307
-572662307
-572662307
-572662307
-572662307
-572662307
-572662307
-572662307
-572662307
-572662307
-572662307
-572662307
-572662307
-572662307
-572662307
-572662307
-572662307
-572662307
-572662307
-572662307
-572662307
-572662307
-572662307
-572662307
-572662307
-572662307
-572662307
-572662307
-572662307
-572662307
-572662307
-572662307
-572662307
-572662307
-572662307
-572662307
-572662307
-572662307
-572662307
-572662307
-572662307
-572662307
-572662307
-572662307
-572662307
-572662307
-572662307
-572662307
-572662307
-572662307
-572662307
-572662307
-572662307
-572662307
-572662307
-572662307
-572662307
-572662307
-572662307
-572662307
-572662307
-572662307
-572662307
-572662307
-572662307
-572662307
-572662307
-572662307
-572662307
-572662307
-572662307
-572662307
-572662307
-572662307
-572662307
-572662307
-572662307
-572662307
-572662307
-572662307
-572662307
-572662307
-572662307
-572662307
-572662307
-572662307
-572662307
-572662307
-572662307
-572662307
-572662307
-572662307
-572662307
-572662307
-572662307
-572662307
-572662307
-572662307
-572662307
-572662307
-572662307
-572662307
-572662307
-572662307
-572662307
-572662307
-572662307
-572662307
-572662307
-572662307
-572662307
-572662307
-572662307
-572662307
-572662307
-572662307
-572662307
-572662307
-572662307
-572662307
-572662307
-572662307
-572662307
-572662307
-572662307
-572662307
-572662307
-572662307
-572662307
-572662307
-572662307
-572662307
-572662307
-572662307
-572662307
-572662307
-572662307
-572662307
-572662307
-572662307
-572662307
-572662307
-572662307
-572662307
-572662307
-572662307
-572662307
-572662307
-572662307
-572662307
-572662307
-572662307
-572662307
-572662307
-572662307
-572662307
-572662307
-572662307
-572662307
-572662307
-572662307
-572662307
-572662307
-572662307
-572662307
-572662307
-572662307
-572662307
-572662307
-572662307
-572662307
-572662307
-572662307
-572662307
-572662307
-572662307
-572662307
-572662307
-572662307
-572662307
-572662307
-572662307
-572662307
-572662307
-572662307
-572662307
-572662307
-572662307
-572662307
-572662307
-572662307
-572662307
-572662307
-572662307
-572662307
-572662307
-572662307
-572662307
-572662307
-572662307
-572662307
-572662307
-572662307
-572662307
-572662307
-572662307
-572662307
-572662307
-572662307
-572662307
-572662307
-572662307
-572662307
-572662307
-572662307
-572662307
-572662307
-572662307
-572662307
-572662307
-572662307
-572662307
-572662307
-572662307
-572662307
-572662307
-572662307
-572662307
-572662307
-572662307
-572662307
-572662307
-572662307
-572662307
-572662307
-572662307
-572662307
-572662307
-572662307
-572662307
-572662307
-572662307
-572662307
-572662307
-572662307
-572662307
-572662307
-572662307
-572662307
-572662307
-572662307
-572662307
-572662307
-572662307
-572662307
-572662307
-572662307
-572662307
-572662307
-572662307
-572662307
-572662307
-572662307
-572662307
-572662307
-572662307
-572662307
-572662307
-572662307
-572662307
-572662307
-572662307
-572662307
-572662307
-572662307
-572662307
-572662307
-572662307
-572662307
-572662307
-572662307
-572662307
-572662307
-572662307
-572662307
-572662307
-572662307
-572662307
-572662307
-572662307
-572662307
-572662307
-572662307
-572662307
-572662307
-572662307
-572662307
-572662307
-572662307
-572662307
-572662307
-572662307
-572662307
-572662307
-572662307
-572662307
-572662307
-572662307
-572662307
-572662307
-572662307
-572662307
-572662307
-572662307
-572662307
-572662307
-572662307
-572662307
-572662307
-572662307
-572662307
-572662307
-572662307
-572662307
-572662307
-572662307
-572662307
-572662307
-572662307
-572662307
-572662307
-572662307
-572662307
-572662307
-572662307
-572662307
-572662307
-572662307
-572662307
-572662307
-572662307
-572662307
-572662307
-572662307
-572662307
-572662307
-572662307
-572662307
-572662307
-572662307
-572662307
-572662307
-572662307
-572662307
-572662307
-572662307
-572662307
-572662307
-572662307
-572662307
-572662307
-572662307
-572662307
-572662307
-572662307
-572662307
-572662307
-572662307
-572662307
-572662307
-572662307
-572662307
-572662307
-572662307
-572662307
-572662307
-572662307
-572662307
-572662307
-572662307
-572662307
-572662307
-572662307
-572662307
-572662307
-572662307
-572662307
-572662307
-572662307
-572662307
-572662307
-572662307
-572662307
-572662307
-572662307
-572662307
-572662307
-572662307
-572662307
-572662307
-572662307
-572662307
-572662307
-572662307
-572662307
-572662307
-572662307
-572662307
-572662307
-572662307
-572662307
-572662307
-572662307
-572662307
-572662307
-572662307
-572662307
-572662307
-572662307
-572662307
-572662307
-572662307
-572662307
-572662307
-572662307
-572662307
-572662307
-572662307
-572662307
-572662307
-572662307
-572662307
-572662307
-572662307
-572662307
-572662307
-572662307
-572662307
-572662307
-572662307
-572662307
-572662307
-572662307
-572662307
-572662307
-572662307
-572662307
-572662307
-572662307
-572662307
-572662307
-572662307
-572662307
-572662307
-572662307
-572662307
-572662307
-572662307
-572662307
-572662307
-572662307
-572662307
-572662307
-572662307
-572662307
-572662307
-572662307
-572662307
-572662307
-572662307
-572662307
-572662307
-572662307
-572662307
-572662307
-572662307
-572662307
-572662307
-572662307
-572662307
-572662307
-572662307
-572662307
-572662307
-572662307
-572662307
-572662307
-572662307
-572662307
-572662307
-572662307
-572662307
-572662307
-572662307
-572662307
-572662307
-572662307
-572662307
-572662307
-572662307
-572662307
-572662307
-572662307
-572662307
-572662307
-572662307
-572662307
-572662307
-572662307
-572662307
-572662307
-572662307
-572662307
-572662307
-572662307
-572662307
-572662307
-572662307
-572662307
-572662307
-572662307
-572662307
-572662307
-572662307
-572662307
-572662307
-572662307
-572662307
-572662307
-572662307
-572662307
-572662307
-572662307
-572662307
-572662307
-572662307
-572662307
-572662307
-572662307
-572662307
-572662307
-572662307
-572662307
-572662307
-572662307
-572662307
-572662307
-572662307
-572662307
-572662307
-572662307
-572662307
-572662307
-572662307
-572662307
-572662307
-572662307
-572662307
-572662307
-572662307
-572662307
-572662307
-572662307
-572662307
-572662307
-572662307
-572662307
-572662307
-572662307
-572662307
-572662307
-572662307
-572662307
-572662307
-572662307
-572662307
-572662307
-572662307
-572662307
-572662307
-572662307
-572662307
-572662307
-572662307
-572662307
-572662307
-572662307
-572662307
-572662307
-572662307
-572662307
-572662307
-572662307
-572662307
-572662307
-572662307
-572662307
-572662307
-572662307
-572662307
-572662307
-572662307
-572662307
-572662307
-572662307
-572662307
-572662307
-572662307
-572662307
-572662307
-572662307
-572662307
-572662307
-572662307
-572662307
-572662307
-572662307
-572662307
-572662307
-572662307
-572662307
-572662307
-572662307
-572662307
-572662307
-572662307
-572662307
-572662307
-572662307
-572662307
-572662307
-572662307
-572662307
-572662307
-572662307
-572662307
-572662307
-572662307
-572662307
-572662307
-572662307
-572662307
-572662307
-572662307
-572662307
-572662307
-572662307
-572662307
-572662307
-572662307
-572662307
-572662307
-572662307
-572662307
-572662307
-572662307
-572662307
-572662307
-572662307
-572662307
-572662307
-572662307
-572662307
-572662307
-572662307
-572662307
-572662307
-572662307
-572662307
-572662307
-572662307
-572662307
-572662307
-572662307
-572662307
-572662307
-572662307
-572662307
-572662307
-572662307
-572662307
-572662307
-572662307
-572662307
-572662307
-572662307
-572662307
-572662307
-572662307
-572662307
-572662307
-572662307
-572662307
-572662307
-572662307
-572662307
-572662307
-572662307
-572662307
-572662307
-572662307
-572662307
-572662307
-572662307
-572662307
-572662307
-572662307
-572662307
-572662307
-572662307
-572662307
-572662307
-572662307
-572662307
-572662307
-572662307
-572662307
-572662307
-572662307
-572662307
-572662307
-572662307
-572662307
-572662307
-572662307
-572662307
-572662307
-572662307
-572662307
-572662307
-572662307
-572662307
-572662307
-572662307
-572662307
-572662307
-572662307
-572662307
-572662307
-572662307
-572662307
-572662307
-572662307
-572662307
-572662307
-572662307
-572662307
-572662307
-572662307
-572662307
-572662307
-572662307
-572662307
-572662307
-572662307
-572662307
-572662307
-572662307
-572662307
-572662307
-572662307
-572662307
-572662307
-572662307
-572662307
-572662307
-572662307
-572662307
-572662307
-572662307
-572662307
-572662307
-572662307
-572662307
-572662307
-572662307
-572662307
-572662307
-572662307
-572662307
-572662307
-572662307
-572662307
-572662307
-572662307
-572662307
-572662307
-572662307
-572662307
-572662307
-572662307
-572662307
-572662307
-572662307
-572662307
-572662307
-572662307
-572662307
-572662307
-572662307
-572662307
-572662307
-572662307
-572662307
-572662307
-572662307
-572662307
-572662307
-572662307
-572662307
-572662307
-572662307
-572662307
-572662307
-572662307
-572662307
-572662307
-572662307
-572662307
-572662307
-572662307
-572662307
-572662307
-572662307
-572662307
-572662307
-572662307
-572662307
-572662307
-572662307
-572662307
-572662307
-572662307
-572662307
-572662307
-572662307
-572662307
-572662307
-572662307
-572662307
-572662307
-572662307
-572662307
-572662307
-572662307
-572662307
-572662307
-572662307
-572662307
-572662307
-572662307
-572662307
-572662307
-572662307
-572662307
-572662307
-572662307
-572662307
-572662307
-572662307
-572662307
-572662307
-572662307
-572662307
-572662307
-572662307
-572662307
-572662307
-572662307
-572662307
-572662307
-572662307
-572662307
-572662307
-572662307
-572662307
-572662307
-572662307
-572662307
-572662307
-572662307
-572662307
-572662307
-572662307
-572662307
-572662307
-572662307
-572662307
-572662307
-572662307
-572662307
-572662307
-572662307
-572662307
-572662307
-572662307
-572662307
-572662307
-572662307
-572662307
-572662307
-572662307
-572662307
-572662307
-572662307
-572662307
-572662307
-572662307
-572662307
-572662307
-572662307
-572662307
-572662307
-572662307
-572662307
-572662307
-572662307
-572662307
-572662307
-572662307
-572662307
-572662307
-572662307
-572662307
-572662307
-572662307
-572662307
-572662307
-572662307
-572662307
-572662307
-572662307
-572662307
-572662307
-572662307
-572662307
-572662307
-572662307
-572662307
-572662307
-572662307
-572662307
-572662307
-572662307
-572662307
-572662307
-572662307
-572662307
-572662307
-572662307
-572662307
-572662307
-572662307
-572662307
-572662307
-572662307
-572662307
-572662307
-572662307
-572662307
-572662307
-572662307
-572662307
-572662307
-572662307
-572662307
-572662307
-572662307
-572662307
-572662307
-572662307
-572662307
-572662307
-572662307
-572662307
-572662307
-572662307
-572662307
-572662307
-572662307
-572662307
-572662307
-572662307
-572662307
-572662307
-572662307
-572662307
-572662307
-572662307
-572662307
-572662307
-572662307
-572662307
-572662307
-572662307
-572662307
-572662307
-572662307
-572662307
-572662307
-572662307
-572662307
-572662307
-572662307
-572662307
-572662307
-572662307
-572662307
-572662307
-572662307
-572662307
-572662307
-572662307
-572662307
-572662307
-572662307
-572662307
-572662307
-572662307
-572662307
-572662307
-572662307
-572662307
-572662307
-572662307
-572662307
-572662307
-572662307
-572662307
-572662307
-572662307
-572662307
-572662307
-572662307
-572662307
-572662307
-572662307
-572662307
-572662307
-572662307
-572662307
-572662307
-572662307
-572662307
-572662307
-572662307
-572662307
-572662307
-572662307
-572662307
-572662307
-572662307
-572662307
-572662307
-572662307
-572662307
-572662307
-572662307
-572662307
-572662307
-572662307
-572662307
-572662307
-572662307
-572662307
-572662307
-572662307
-572662307
-572662307
-572662307
-572662307
-572662307
-572662307
-572662307
-572662307
-572662307
-572662307
-572662307
-572662307
-572662307
-572662307
-572662307
-572662307
-572662307
-572662307
-572662307
-572662307
-572662307
-572662307
-572662307
-572662307
-572662307
-572662307
-572662307
-572662307
-572662307
-572662307
-572662307
-572662307
-572662307
-572662307
-572662307
-572662307
-572662307
-572662307
-572662307
-572662307
-572662307
-572662307
-572662307
-572662307
-572662307
-572662307
-572662307
-572662307
-572662307
-572662307
-572662307
-572662307
-572662307
-572662307
-572662307
-572662307
-572662307
-572662307
-572662307
-572662307
-572662307
-572662307
-572662307
-572662307
-572662307
-572662307
-572662307
-572662307
-572662307
-572662307
-572662307
-572662307
-572662307
-572662307
-572662307
-572662307
-572662307
-572662307
-572662307
-572662307
-572662307
-572662307
-572662307
-572662307
-572662307
-572662307
-572662307
-572662307
-572662307
-572662307
-572662307
-572662307
-572662307
-572662307
-572662307
-572662307
-572662307
-572662307
-572662307
-572662307
-572662307
-572662307
-572662307
-572662307
-572662307
-572662307
-572662307
-572662307
-572662307
-572662307
-572662307
-572662307
-572662307
-572662307
-572662307
-572662307
-572662307
-572662307
-572662307
-572662307
-572662307
-572662307
-572662307
-572662307
-572662307
-572662307
-572662307
-572662307
-572662307
-572662307
-572662307
-572662307
-572662307
-572662307
-572662307
-572662307
-572662307
-572662307
-572662307
-572662307
-572662307
-572662307
-572662307
-572662307
-572662307
-572662307
-572662307
-572662307
-572662307
-572662307
-572662307
-572662307
-572662307
-572662307
-572662307
-572662307
-572662307
-572662307
-572662307
-572662307
-572662307
-572662307
-572662307
-572662307
-572662307
-572662307
-572662307
-572662307
-572662307
-572662307
-572662307
-572662307
-572662307
-572662307
-572662307
-572662307
-572662307
-572662307
-572662307
-572662307
-572662307
-572662307
-572662307
-572662307
-572662307
-572662307
-572662307
-572662307
-572662307
-572662307
-572662307
-572662307
-572662307
-572662307
-572662307
-572662307
-572662307
-572662307
-572662307
-572662307
-572662307
-572662307
-572662307
-572662307
-572662307
-572662307
-572662307
-572662307
-572662307
-572662307
-572662307
-572662307
-572662307
-572662307
-572662307
-572662307
-572662307
-572662307
-572662307
-572662307
-572662307
-572662307
-572662307
-572662307
-572662307
-572662307
-572662307
-572662307
-572662307
-572662307
-572662307
-572662307
-572662307
-572662307
-572662307
-572662307
-572662307
-572662307
-572662307
-572662307
-572662307
-572662307
-572662307
-572662307
-572662307
-572662307
-572662307
-572662307
-572662307
-572662307
-572662307
-572662307
-572662307
-572662307
-572662307
-572662307
-572662307
-572662307
-572662307
-572662307
-572662307
-572662307
-572662307
-572662307
-572662307
-572662307
-572662307
-572662307
-572662307
-572662307
-572662307
-572662307
-572662307
-572662307
-572662307
-572662307
-572662307
-572662307
-572662307
-572662307
-572662307
-572662307
-572662307
-572662307
-572662307
-572662307
-572662307
-572662307
-572662307
-572662307
-572662307
-572662307
-572662307
-572662307
-572662307
-572662307
-572662307
-572662307
-572662307
-572662307
-572662307
-572662307
-572662307
-572662307
-572662307
-572662307
-572662307
-572662307
-572662307
-572662307
-572662307
-572662307
-572662307
-572662307
-572662307
-572662307
-572662307
-572662307
-572662307
-572662307
-572662307
-572662307
-572662307
-572662307
-572662307
-572662307
-572662307
-572662307
-572662307
-572662307
-572662307
-572662307
-572662307
-572662307
-572662307
-572662307
-572662307
-572662307
-572662307
-572662307
-572662307
-572662307
-572662307
-572662307
-572662307
-572662307
-572662307
-572662307
-572662307
-572662307
-572662307
-572662307
-572662307
-572662307
-572662307
-572662307
-572662307
-572662307
-572662307
-572662307
-572662307
-572662307
-572662307
-572662307
-572662307
-572662307
-572662307
-572662307
-572662307
-572662307
-572662307
-572662307
-572662307
-572662307
-572662307
-572662307
-572662307
-572662307
-572662307
-572662307
-572662307
-572662307
-572662307
-572662307
-572662307
-572662307
-572662307
-572662307
-572662307
-572662307
-572662307
-572662307
-572662307
-572662307
-572662307
-572662307
-572662307
-572662307
-572662307
-572662307
-572662307
-572662307
-572662307
-572662307
-572662307
-572662307
-572662307
-572662307
-572662307
-572662307
-572662307
-572662307
-572662307
-572662307
-572662307
-572662307
-572662307
-572662307
-572662307
-572662307
-572662307
-572662307
-572662307
-572662307
-572662307
-572662307
-572662307
-572662307
-572662307
-572662307
-572662307
-572662307
-572662307
-572662307
-572662307
-572662307
-572662307
-572662307
-572662307
-572662307
-572662307
-572662307
-572662307
-572662307
-572662307
-572662307
-572662307
-572662307
-572662307
-572662307
-572662307
-572662307
-572662307
-572662307
-572662307
-572662307
-572662307
-572662307
-572662307
-572662307
-572662307
-572662307
-572662307
-572662307
-572662307
-572662307
-572662307
-572662307
-572662307
-572662307
-572662307
-572662307
-572662307
-572662307
-572662307
-572662307
-572662307
-572662307
-572662307
-572662307
-572662307
-572662307
-572662307
-572662307
-572662307
-572662307
-572662307
-572662307
-572662307
-572662307
-572662307
-572662307
-572662307
-572662307
-572662307
-572662307
-572662307
-572662307
-572662307
-572662307
-572662307
-572662307
-572662307
-572662307
-572662307
-572662307
-572662307
-572662307
-572662307
-572662307
-572662307
-572662307
-572662307
-572662307
-572662307
-572662307
-572662307
-572662307
-572662307
-572662307
-572662307
-572662307
-572662307
-572662307
-572662307
-572662307
-572662307
-572662307
-572662307
-572662307
-572662307
-572662307
-572662307
-572662307
-572662307
-572662307
-572662307
-572662307
-572662307
-572662307
-572662307
-572662307
-572662307
-572662307
-572662307
-572662307
-572662307
-572662307
-572662307
-572662307
-572662307
-572662307
-572662307
-572662307
-572662307
-572662307
-572662307
-572662307
-572662307
-572662307
-572662307
-572662307
-572662307
-572662307
-572662307
-572662307
-572662307
-572662307
-572662307
-572662307
-572662307
-572662307
-572662307
-572662307
-572662307
-572662307
-572662307
-572662307
-572662307
-572662307
-572662307
-572662307
-572662307
-572662307
-572662307
-572662307
-572662307
-572662307
-572662307
-572662307
-572662307
-572662307
-572662307
-572662307
-572662307
-572662307
-572662307
-572662307
-572662307
-572662307
-572662307
-572662307
-572662307
-572662307
-572662307
-572662307
-572662307
-572662307
-572662307
-572662307
-572662307
-572662307
-572662307
-572662307
-572662307
-572662307
-572662307
-572662307
-572662307
-572662307
-572662307
-572662307
-572662307
-572662307
-572662307
-572662307
-572662307
-572662307
-572662307
-572662307
-572662307
-572662307
-572662307
-572662307
-572662307
-572662307
-572662307
-572662307
-572662307
-572662307
-572662307
-572662307
-572662307
-572662307
-572662307
-572662307
-572662307
-572662307
-572662307
-572662307
-572662307
-572662307
-572662307
-572662307
-572662307
-572662307
-572662307
-572662307
-572662307
-572662307
-572662307
-572662307
-572662307
-572662307
-572662307
-572662307
-572662307
-572662307
-572662307
-572662307
-572662307
-572662307
-572662307
-572662307
-572662307
-572662307
-572662307
-572662307
-572662307
-572662307
-572662307
-572662307
-572662307
-572662307
-572662307
-572662307
-572662307
-572662307
-572662307
-572662307
-572662307
-572662307
-572662307
-572662307
-572662307
-572662307
-572662307
-572662307
-572662307
-572662307
-572662307
-572662307
-572662307
-572662307
-572662307
-572662307
-572662307
-572662307
-572662307
-572662307
-572662307
-572662307
-572662307
-572662307
-572662307
-572662307
-572662307
-572662307
-572662307
-572662307
-572662307
-572662307
-572662307
-572662307
-572662307
-572662307
-572662307
-572662307
-572662307
-572662307
-572662307
-572662307
-572662307
-572662307
-572662307
-572662307
-572662307
-572662307
-572662307
-572662307
-572662307
-572662307
-572662307
-572662307
-572662307
-572662307
-572662307
-572662307
-572662307
-572662307
-572662307
-572662307
-572662307
-572662307
-572662307
-572662307
-572662307
-572662307
-572662307
-572662307
-572662307
-572662307
-572662307
-572662307
-572662307
-572662307
-572662307
-572662307
-572662307
-572662307
-572662307
-572662307
-572662307
-572662307
-572662307
-572662307
-572662307
-572662307
-572662307
-572662307
-572662307
-572662307
-572662307
-572662307
-572662307
-572662307
-572662307
-572662307
-572662307
-572662307
-572662307
-572662307
-572662307
-572662307
-572662307
-572662307
-572662307
-572662307
-572662307
-572662307
-572662307
-572662307
-572662307
-572662307
-572662307
-572662307
-572662307
-572662307
-572662307
-572662307
-572662307
-572662307
-572662307
-572662307
-572662307
-572662307
-572662307
-572662307
-572662307
-572662307
-572662307
-572662307
-572662307
-572662307
-572662307
-572662307
-572662307
-572662307
-572662307
-572662307
-572662307
-572662307
-572662307
-572662307
-572662307
-572662307
-572662307
-572662307
-572662307
-572662307
-572662307
-572662307
-572662307
-572662307
-572662307
-572662307
-572662307
-572662307
-572662307
-572662307
-572662307
-572662307
-572662307
-572662307
-572662307
-572662307
-572662307
-572662307
-572662307
-572662307
-572662307
-572662307
-572662307
-572662307
-572662307
-572662307
-572662307
-572662307
-572662307
-572662307
-572662307
-572662307
-572662307
-572662307
-572662307
-572662307
-572662307
-572662307
-572662307
-572662307
-572662307
-572662307
-572662307
-572662307
-572662307
-572662307
-572662307
-572662307
-572662307
-572662307
-572662307
-572662307
-572662307
-572662307
-572662307
-572662307
-572662307
-572662307
-572662307
-572662307
-572662307
-572662307
-572662307
-572662307
-572662307
-572662307
-572662307
-572662307
-572662307
-572662307
-572662307
-572662307
-572662307
-572662307
-572662307
-572662307
-572662307
-572662307
-572662307
-572662307
-572662307
-572662307
-572662307
-572662307
-572662307
-572662307
-572662307
-572662307
-572662307
-572662307
-572662307
-572662307
-572662307
-572662307
-572662307
-572662307
-572662307
-572662307
-572662307
-572662307
-572662307
-572662307
-572662307
-572662307
-572662307
-572662307
-572662307
-572662307
-572662307
-572662307
-572662307
-572662307
-572662307
-572662307
-572662307
-572662307
-572662307
-572662307
-572662307
-572662307
-572662307
-572662307
-572662307
-572662307
-572662307
-572662307
-572662307
-572662307
-572662307
-572662307
-572662307
-572662307
-572662307
-572662307
-572662307
-572662307
-572662307
-572662307
-572662307
-572662307
-572662307
-572662307
-572662307
-572662307
-572662307
-572662307
-572662307
-572662307
-572662307
-572662307
-572662307
-572662307
-572662307
-572662307
-572662307
-572662307
-572662307
-572662307
-572662307
-572662307
-572662307
-572662307
-572662307
-572662307
-572662307
-572662307
-572662307
-572662307
-572662307
-572662307
-572662307
-572662307
-572662307
-572662307
-572662307
-572662307
-572662307
-572662307
-572662307
-572662307
-572662307
-572662307
-572662307
-572662307
-572662307
-572662307
-572662307
-572662307
-572662307
-572662307
-572662307
-572662307
-572662307
-572662307
-572662307
-572662307
-572662307
-572662307
-572662307
-572662307
-572662307
-572662307
-572662307
-572662307
-572662307
-572662307
-572662307
-572662307
-572662307
-572662307
-572662307
-572662307
-572662307
-572662307
-572662307
-572662307
-572662307
-572662307
-572662307
-572662307
-572662307
-572662307
-572662307
-572662307
-572662307
-572662307
-572662307
-572662307
-572662307
-572662307
-572662307
-572662307
-572662307
-572662307
-572662307
-572662307
-572662307
-572662307
-572662307
-572662307
-572662307
-572662307
-572662307
-572662307
-572662307
-572662307
-572662307
-572662307
-572662307
-572662307
-572662307
-572662307
-572662307
-572662307
-572662307
-572662307
-572662307
-572662307
-572662307
-572662307
-572662307
-572662307
-572662307
-572662307
-572662307
-572662307
-572662307
-572662307
-572662307
-572662307
-572662307
-572662307
-572662307
-572662307
-572662307
-572662307
-572662307
-572662307
-572662307
-572662307
-572662307
-572662307
-572662307
-572662307
-572662307
-572662307
-572662307
-572662307
-572662307
-572662307
-572662307
-572662307
-572662307
-572662307
-572662307
-572662307
-572662307
-572662307
-572662307
-572662307
-572662307
-572662307
-572662307
-572662307
-572662307
-572662307
-572662307
-572662307
-572662307
-572662307
-572662307
-572662307
-572662307
-572662307
-572662307
-572662307
-572662307
-572662307
-572662307
-572662307
-572662307
-572662307
-572662307
-572662307
-572662307
-572662307
-572662307
-572662307
-572662307
-572662307
-572662307
-572662307
-572662307
-572662307
-572662307
-572662307
-572662307
-572662307
-572662307
-572662307
-572662307
-572662307
-572662307
-572662307
-572662307
-572662307
-572662307
-572662307
-572662307
-572662307
-572662307
-572662307
-572662307
-572662307
-572662307
-572662307
-572662307
-572662307
-572662307
-572662307
-572662307
-572662307
-572662307
-572662307
-572662307
-572662307
-572662307
-572662307
-572662307
-572662307
-572662307
-572662307
-572662307
-572662307
-572662307
-572662307
-572662307
-572662307
-572662307
-572662307
-572662307
-572662307
-572662307
-572662307
-572662307
-572662307
-572662307
-572662307
-572662307
-572662307
-572662307
-572662307
-572662307
-572662307
-572662307
-572662307
-572662307
-572662307
-572662307
-572662307
-572662307
-572662307
-572662307
-572662307
-572662307
-572662307
-572662307
-572662307
-572662307
-572662307
-572662307
-572662307
-572662307
-572662307
-572662307
-572662307
-572662307
-572662307
-572662307
-572662307
-572662307
-572662307
-572662307
-572662307
-572662307
-572662307
-572662307
-572662307
-572662307
-572662307
-572662307
-572662307
-572662307
-572662307
-572662307
-572662307
-572662307
-572662307
-572662307
-572662307
-572662307
-572662307
-572662307
-572662307
-572662307
-572662307
-572662307
-572662307
-572662307
-572662307
-572662307
-572662307
-572662307
-572662307
-572662307
-572662307
-572662307
-572662307
-572662307
-572662307
-572662307
-572662307
-572662307
-572662307
-572662307
-572662307
-572662307
-572662307
-572662307
-572662307
-572662307
-572662307
-572662307
-572662307
-572662307
-572662307
-572662307
-572662307
-572662307
-572662307
-572662307
-572662307
-572662307
-572662307
-572662307
-572662307
-572662307
-572662307
-572662307
-572662307
-572662307
-572662307
-572662307
-572662307
-572662307
-572662307
-572662307
-572662307
-572662307
-572662307
-572662307
-572662307
-572662307
-572662307
-572662307
-572662307
-572662307
-572662307
-572662307
-572662307
-572662307
-572662307
-572662307
-572662307
-572662307
-572662307
-572662307
-572662307
-572662307
-572662307
-572662307
-572662307
-572662307
-572662307
-572662307
-572662307
-572662307
-572662307
-572662307
-572662307
-572662307
-572662307
-572662307
-572662307
-572662307
-572662307
-572662307
-572662307
-572662307
-572662307
-572662307
-572662307
-572662307
-572662307
-572662307
-572662307
-572662307
-572662307
-572662307
-572662307
-572662307
-572662307
-572662307
-572662307
-572662307
-572662307
-572662307
-572662307
-572662307
-572662307
-572662307
-572662307
-572662307
-572662307
-572662307
-572662307
-572662307
-572662307
-572662307
-572662307
-572662307
-572662307
-572662307
-572662307
-572662307
-572662307
-572662307
-572662307
-572662307
-572662307
-572662307
-572662307
-572662307
-572662307
-572662307
-572662307
-572662307
-572662307
-572662307
-572662307
-572662307
-572662307
-572662307
-572662307
-572662307
-572662307
-572662307
-572662307
-572662307
-572662307
-572662307
-572662307
-572662307
-572662307
-572662307
-572662307
-572662307
-572662307
-572662307
-572662307
-572662307
-572662307
-572662307
-572662307
-572662307
-572662307
-572662307
-572662307
-572662307
-572662307
-572662307
-572662307
-572662307
-572662307
-572662307
-572662307
-572662307
-572662307
-572662307
-572662307
-572662307
-572662307
-572662307
-572662307
-572662307
-572662307
-572662307
-572662307
-572662307
-572662307
-572662307
-572662307
-572662307
-572662307
-572662307
-572662307
-572662307
-572662307
-572662307
-572662307
-572662307
-572662307
-572662307
-572662307
-572662307
-572662307
-572662307
-572662307
-572662307
-572662307
-572662307
-572662307
-572662307
-572662307
-572662307
-572662307
-572662307
-572662307
-572662307
-572662307
-572662307
-572662307
-572662307
-572662307
-572662307
-572662307
-572662307
-572662307
-572662307
-572662307
-572662307
-572662307
-572662307
-572662307
-572662307
-572662307
-572662307
-572662307
-572662307
-572662307
-572662307
-572662307
-572662307
-572662307
-572662307
-572662307
-572662307
-572662307
-572662307
-572662307
-572662307
-572662307
-572662307
-572662307
-572662307
-572662307
-572662307
-572662307
-572662307
-572662307
-572662307
-572662307
-572662307
-572662307
-572662307
-572662307
-572662307
-572662307
-572662307
-572662307
-572662307
-572662307
-572662307
-572662307
-572662307
-572662307
-572662307
-572662307
-572662307
-572662307
-572662307
-572662307
-572662307
-572662307
-572662307
-572662307
-572662307
-572662307
-572662307
-572662307
-572662307
-572662307
-572662307
-572662307
-572662307
-572662307
-572662307
-572662307
-572662307
-572662307
-572662307
-572662307
-572662307
-572662307
-572662307
-572662307
-572662307
-572662307
-572662307
-572662307
-572662307
-572662307
-572662307
-572662307
-572662307
-572662307
-572662307
-572662307
-572662307
-572662307
-572662307
-572662307
-572662307
-572662307
-572662307
-572662307
-572662307
-572662307
-572662307
-572662307
-572662307
-572662307
-572662307
-572662307
-572662307
-572662307
-572662307
-572662307
-572662307
-572662307
-572662307
-572662307
-572662307
-572662307
-572662307
-572662307
-572662307
-572662307
-572662307
-572662307
-572662307
-572662307
-572662307
-572662307
-572662307
-572662307
-572662307
-572662307
-572662307
-572662307
-572662307
-572662307
-572662307
-572662307
-572662307
-572662307
-572662307
-572662307
-572662307
-572662307
-572662307
-572662307
-572662307
-572662307
-572662307
-572662307
-572662307
-572662307
-572662307
-572662307
-572662307
-572662307
-572662307
-572662307
-572662307
-572662307
-572662307
-572662307
-572662307
-572662307
-572662307
-572662307
-572662307
-572662307
-572662307
-572662307
-572662307
-572662307
-572662307
-572662307
-572662307
-572662307
-572662307
-572662307
-572662307
-572662307
-572662307
-572662307
-572662307
-572662307
-572662307
-572662307
-572662307
-572662307
-572662307
-572662307
-572662307
-572662307
-572662307
-572662307
-572662307
-572662307
-572662307
-572662307
-572662307
-572662307
-572662307
-572662307
-572662307
-572662307
-572662307
-572662307
-572662307
-572662307
-572662307
-572662307
-572662307
-572662307
-572662307
-572662307
-572662307
-572662307
-572662307
-572662307
-572662307
-572662307
-572662307
-572662307
-572662307
-572662307
-572662307
-572662307
-572662307
-572662307
-572662307
-572662307
-572662307
-572662307
-572662307
-572662307
-572662307
-572662307
-572662307
-572662307
-572662307
-572662307
-572662307
-572662307
-572662307
-572662307
-572662307
-572662307
-572662307
-572662307
-572662307
-572662307
-572662307
-572662307
-572662307
-572662307
-572662307
-572662307
-572662307
-572662307
-572662307
-572662307
-572662307
-572662307
-572662307
-572662307
-572662307
-572662307
-572662307
-572662307
-572662307
-572662307
-572662307
-572662307
-572662307
-572662307
-572662307
-572662307
-572662307
-572662307
-572662307
-572662307
-572662307
-572662307
-572662307
-572662307
-572662307
-572662307
-572662307
-572662307
-572662307
-572662307
-572662307
-572662307
-572662307
-572662307
-572662307
-572662307
-572662307
-572662307
-572662307
-572662307
-572662307
-572662307
-572662307
-572662307
-572662307
-572662307
-572662307
-572662307
-572662307
-572662307
-572662307
-572662307
-572662307
-572662307
-572662307
-572662307
-572662307
-572662307
-572662307
-572662307
-572662307
-572662307
-572662307
-572662307
-572662307
-572662307
-572662307
-572662307
-572662307
-572662307
-572662307
-572662307
-572662307
-572662307
-572662307
-572662307
-572662307
-572662307
-572662307
-572662307
-572662307
-572662307
-572662307
-572662307
-572662307
-572662307
-572662307
-572662307
-572662307
-572662307
-572662307
-572662307
-572662307
-572662307
-572662307
-572662307
-572662307
-572662307
-572662307
-572662307
-572662307
-572662307
-572662307
-572662307
-572662307
-572662307
-572662307