19201
2942
27944
11407
16471
30861
952
21707
17868
30022
32049
25926
11232
25619
1413
1907
18201
1651
33233
507
20676
8362
31922
20463
5465
14241
30896
21520
26695
14609
24105
4069
24890
2089
14018
3345
6278
32524
2249
3642
7320
11466
7084
2392
18047
27753
20997
30074
6361
19816
20732
28553
28143
4188
21332
15534
31326
30143
29710
32771
6347
17462
27191
25057
7402
24984
28180
1753
20233
17325
1423
22178
21123
22340
24075
20771
20134
11807
26253
20619
6235
28063
1553
10607
30868
964
31957
29155
5986
9864
17594
11351
2893
8466
33104
3857
22212
753
30983
12347
28114
22951
107
7240
25500
29494
11424
9125
28279
12497
3542
26715
7303
19098
33226
8991
9803
32359
17937
5943
3479
29990
28673
24077
3281
15116
17068
26835
30799
15844
23508
23002
10141
17276
24989
29221
8791
25466
10442
12994
12975
15763
10333
25629
26694
9623
21184
16065
24322
20175
6290
6788
12291
8740
14900
27061
29610
6617
4405
24870
32665
15450
23823
6547
27038
8803
23775
29530
25054
10851
7662
29580
29163
2957
32432
23340
27404
29156
9325
26792
27563
6969
32690
32933
8988
16551
32878
24624
6598
8613
19377
20346
8337
19894
24105
8799
24165
275
5120
20141
24526
17003
28227
221
31908
20978
11030
29688
18172
12629
2164
6575
21725
30866
23164
25625
20004
3354
780
6095
7879
31074
18591
1682
14368
26521
31918
8043
17197
38
15794
12665
573
29919
7598
15024
28965
13606
8224
30503
11251
18387
3014
5396
11
27553
29706
33028
2601
21620
13536
13070
28561
7599
8464
24520
6566
2669
29518
3793
4107
11786
28139
5410
277
6935
31458
24559
24959
25909
27501
21812
9535
21741
886
14048
23492
7855
4034
28174
27632
2465
26918
24953
14199
31965
9177
1260
5665
1958
27115
24345
19169
4151
12639
22252
13727
432
14823
19045
26611
7895
22685
10145
10282
1431
16152
30993
31274
29725
19590
13758
24303
16786
1970
25267
16830
9892
13902
32221
20635
18180
24707
5893
9388
2590
149
31358
30660
32932
30444
26384
29307
5305
8416
9367
25583
25376
15599
24396
7421
2250
29885
1678
7989
32165
24219
16833
18243
8209
32003
19376
17057
23775
24103
2062
26061
20673
32643
2103
6652
33299
8179
3393
32799
13682
30768
25957
13792
5102
16168
33241
9380
27764
6257
24606
22436
17272
555
4877
32767
27020
9677
4494
31630
25638
5190
33147
29163
29672
21896
2916
27962
12376
13492
9727
32513
4133
18993
16831
7654
24760
10114
30404
19991
14515
10535
6771
8091
32650
13930
5011
15888
8509
20847
28279
14051
12172
21572
29469
10704
5118
4954
13062
32271
6402
12320
31951
16628
19386
3161
4102
17620
7458
11737
19453
26178
29967
10109
11129
32170
12349
31610
29592
20852
3552
27256
32725
27567
772
15621
16598
21400
13280
132
30446
21121
2312
1126
22387
13827
1720
11586
1262
7427
25131
20208
28607
13280
25334
13797
24287
12679
17068
15704
6155
10604
21343
23462
17207
349
9771
29370
23296
7409
706
22842
16747
10002
3745
31948
19805
13222
8613
3394
2939
30940
3814
12026
18872
17615
15368
3472
30443
2572
19399
27857
25040
27534
9344
20034
61
40
22
75
32
56
26
62
23
40
15
47
5
77
54
35
11
37
14
46
22
56
26
73
25
86
36
44
32
75
36
30
10
49
27
82
47
66
40
65
31
29
10
43
22
54
26
73
36
57
40
57
19
59
21
70
34
24
15
40
21
46
23
60
23
47
16
63
29
29
21
45
20
63
39
62
36
59
29
84
31
50
29
40
16
67
25
69
27
46
34
43
29
86
43
43
19
63
39
66
25
59
19
38
17
63
33
62
44
69
47
56
28
74
45
43
27
54
23
57
36
57
35
70
29
48
25
72
31
79
43
49
21
69
31
60
45
65
29
36
14
52
22
42
24
38
26
52
28
50
17
44
28
39
22
62
32
55
23
60
33
46
36
60
33
41
18
46
35
61
33
77
35
61
20
73
54
59
28
60
18
33
15
58
28
63
34
70
34
55
25
54
34
61
44
50
18
50
16
60
27
61
28
69
34
52
27
42
29
75
40
78
27
68
27
53
34
49
8
38
28
67
34
63
36
34
24
43
17
31
11
47
37
61
37
59
22
59
23
72
37
79
39
62
33
46
20
52
24
60
31
45
19
66
37
56
17
38
25
52
37
42
29
48
21
58
28
59
32
78
43
61
28
61
34
59
18
82
55
68
33
75
33
69
25
51
29
54
20
40
22
54
25
67
40
50
31
50
28
49
22
48
20
58
27
65
18
76
38
50
25
72
29
48
25
67
29
71
37
60
38
88
36
62
23
61
39
63
29
49
25
28
5
36
19
48
16
85
43
42
23
71
19
56
28
68
31
58
35
31
10
63
37
76
38
65
33
42
12
36
10
44
23
48
21
47
21
46
25
78
38
39
18
81
43
45
27
37
22
25
9
48
19
46
8
40
23
51
25
56
37
91
43
77
41
63
35
51
33
57
24
79
47
37
15
63
33
47
29
52
19
56
34
64
33
51
33
52
18
28
13
60
20
69
37
73
40
62
37
70
42
57
36
56
35
65
29
39
27
32
21
78
39
42
14
64
28
55
30
62
40
64
42
59
34
74
30
95
54
72
33
64
24
61
40
78
42
71
42
54
24
41
13
37
9
64
30
41
19
34
9
43
7
58
34
60
33
48
20
57
34
55
18
69
31
50
20
57
31
55
20
87
35
32
6
81
32
64
36
48
33
61
24
35
18
21
16
35
16
35
17
27
9
17
2
16
4
14
2
13
1
2
2
23
5
18
15
14
13
18
6
5
3
21
11
30
16
20
13
21
17
12
2
12
6
34
18
19
9
27
15
23
13
25
8
10
0
27
12
24
19
17
7
15
12
28
17
26
18
22
12
20
12
20
14
21
3
6
1
13
9
14
6
19
5
24
17
19
2
11
2
13
11
18
17
15
12
18
12
19
16
27
11
15
15
36
19
32
14
26
14
4
0
10
10
24
7
21
14
18
8
12
4
20
1
28
15
33
19
28
9
22
15
19
7
19
9
18
0
26
10
26
12
17
15
21
19
24
10
21
16
23
5
10
10
20
13
18
13
16
4
21
19
25
14
33
14
32
17
17
3
9
1
17
2
18
10
16
2
19
19
29
10
16
11
24
12
22
17
14
9
32
19
6
5
5
0
31
12
14
5
33
17
29
11
18
6
19
6
22
13
5
0
18
2
19
8
14
8
21
3
29
11
13
11
27
19
22
19
24
12
25
8
17
15
25
14
7
5
15
3
27
17
9
6
18
6
25
18
20
5
7
5
24
16
25
17
27
11
16
8
8
5
25
17
20
19
26
15
7
3
33
15
26
13
30
17
31
12
21
6
18
9
29
18
37
19
13
6
17
15
12
6
15
14
17
2
32
19
19
10
21
7
24
7
14
2
19
3
19
4
14
4
26
13
17
3
14
1
16
15
16
7
23
10
2
1
11
7
13
13
23
14
18
6
18
4
10
10
34
15
23
9
12
0
21
18
23
8
17
17
16
1
5
1
29
18
9
7
31
14
18
6
12
4
18
14
4
4
24
19
23
11
5
4
19
16
21
19
18
14
27
11
19
12
22
10
8
6
36
19
21
9
6
1
14
9
24
17
26
12
15
6
26
10
21
19
22
16
12
2
21
18
15
10
21
10
14
13
34
18
14
9
10
10
19
17
9
9
13
6
30
16
14
10
24
6
17
16
26
12
35
17
13
3
21
13
14
1
21
2
15
4
6
3
23
17
19
18
6
0
16
12
16
0
28
14
34
16
23
13
0
0
4
2
17
2
17
1
10
7
30
15
21
18
27
9
26
11
21
13
23
12
25
19
13
0
16
3
23
15
24
8
26
19
26
15
20
19
33
17
17
11
21
9
11
2
26
16
24
18
26
17
10
7
17
8
22
14
19
8
18
8
26
9
19
0
16
12
19
0
26
17
16
13
22
4
16
8
14
14
21
2
5
2
21
12
19
9
8
1
27
9
8
7
30
12
22
15
23
18
21
6
18
11
17
5
15
0
13
8
10
4
19
9
17
11
10
8
14
1
13
3
13
3
10
8
17
9
28
13
22
3
17
6
17
3
12
9
23
8
18
1
32
19
14
11
8
5
8
8
8
2
19
8
30
13
13
5
18
4
15
5
9
2
12
1
31
14
7
5
26
12
25
7
12
1
17
6
29
11
30
16
22
17
6
2
15
13
16
8
35
18
17
4
28
16
19
2
21
19
24
17
16
5
31
15
26
7
18
17
18
8
21
7
23
18
10
0
21
10
8
0
14
14
29
13
23
13
20
13
27
14
6
4
21
10
21
10
23
13
8
0
15
2
10
10
22
10
26
16
31
19
28
12
26
13
32
15
10
4
11
11
12
2
22
14
32
19
7
3
8
4
32
17
33
15
19
11
35
18
16
9
24
15
28
14
3
3
29
19
10
10
20
10
15
10
14
10
11
1
19
14
17
12
20
16
20
12
24
17
8
6
23
4
26
13
32
14
16
0
13
8
18
7
27
8
33
15
18
8
23
15
20
6
25
18
9
7
3
1
10
5
23
4
21
12
28
19
35
17
3
3
9
3
28
17
12
1
5
1
22
13
23
15
34
15
27
13
23
8
14
0
18
13
30
14
22
5
22
16
20
6
11
0
23
14
21
12
29
14
21
16
24
5
22
10
30
18
10
7
27
9
11
4
29
15
21
11
16
16
26
7
17
3
34
15
26
9
12
5
19
4
27
14
14
5
6
2
34
19
15
14
17
9
12
2
4
0
22
17
34
17
27
11
15
15
16
9
22
6
25
11
11
8
21
4
18
13
31
13
12
0
31
12
10
9
31
17
21
12
24
18
3
2
3
1
19
1
8
6
16
9
20
2
16
7
13
6
6
5
32
13
27
10
24
18
23
12
29
13
18
2
28
17
10
5
33
15
19
13
19
6
5
3
19
11
18
7
29
12
14
9
19
2
34
15
4
3
17
9
32
16
10
7
14
0
9
4
26
11
18
1
20
11
22
18
17
15
17
12
21
2
10
9
17
12