78221
1132511
4571211
4477181
284840
3572495
2525342
3254916
2839451
4933262
4839772
588236
4631369
2187521
2034599
3731345
3983588
1649208
4623934
171670
4532098
3393532
4317265
2845876
240712
3139023
3830018
937628
2790014
1749588
480526
4332362
4111019
3547603
1558287
1649324
4503103
323780
1949443
377959
2772853
60674
2160590
4004316
1406773
3289958
4400030
2288159
4455127
1818684
1377394
1894359
2077635
3846764
2862132
4078982
2645534
4483621
3836728
3362729
3094938
4522191
4732380
2451743
1733403
2668393
2250082
3221053
3975360
3159342
292741
3327202
2960200
3762650
2897076
2187977
3963194
3983342
2030304
2173941
1588858
4550362
382640
491454
3020419
4023174
1359309
1217142
391315
2503834
3421023
1837363
275026
3205499
3312542
663502
2781475
4460586
3420181
4821192
2259793
4646711
1994063
1282846
4824592
2423854
998013
4870395
2979041
356496
4551586
4944131
4074877
68721
2079144
2516386
2175499
3397516
2675392
3889639
2545609
900938
2831166
877846
412198
4240103
575443
1929701
4756702
1892644
3595973
1458844
1828952
3902565
1466669
3208625
682002
4209073
1799096
374569
3379089
949037
2743964
3459273
229460
3596542
449736
1539361
4029707
2188915
736816
2815519
989670
1915792
1096248
1980096
4661563
4221435
3237244
1051583
797428
1456882
227948
189880
1894276
2638125
2590356
3411402
1090792
2104884
1751042
86814
4432115
1819736
443409
685983
255120
618742
3117589
1568689
300608
3261171
1258047
2998281
2657647
2868387
2931541
1369716
1661591
4600037
2114724
240685
2624325
4277823
284931
4624721
4695388
3437097
1737179
4591055
4606388
34754
4449764
1400623
4779505
349603
4927002
2859531
1852044
1536276
4606777
1337430
227527
1884891
704148
3824552
1114677
4954056
2656174
4162234
4061520
4717512
1023234
2747945
3401576
4666333
1185018
1573578
4055240
3325570
3600147
1908342
2139197
1468375
3723002
2041610
4769749
2875009
3324194
1602836
3150748
4631366
25548
286726
1721418
1625766
1121615
3386125
2902652
2381173
3626959
1110558
4338783
4159648
399099
2285212
4333185
1283595
1223775
556767
4419682
2241786
2451116
1044564
2326756
3837085
67147
4107818
3142478
908246
169105
4174979
281606
3192158
4505472
4154497
465340
2813428
1679496
4031167
1785666
426535
4063068
4791971
3429461
1134284
4219092
691090
3488171
1457545
3984760
1400194
2408445
4068636
2295482
3747170
2792860
4328732
3218574
3303882
4951205
2798069
1520293
298644
4965618
4897339
2276843
4125487
773683
3782768
632271
3278071
1106098
547638
118720
933442
2275726
3002313
3337247
751743
2406945
2153777
4690408
2181644
2808509
4564201
4430841
4357461
4501936
3342454
1103038
1595440
132804
1691951
292091
2058534
1328589
3460534
4012028
4477064
1425073
3544298
4808460
4082611
224644
4010461
1934232
1016962
1394748
1064559
4273317
4979909
798457
1324312
3948816
3897363
188876
4780487
1508431
2965112
259661
1844165
1227105
701044
72259
2469481
228136
39079
1773369
3262236
1191975
865412
938237
1153762
2607803
339992
989917
2102094
4468519
3039540
3830788
1054629
4933852
4679090
2921347
3653383
872438
3992903
2146218
1277379
2568527
749088
3251222
3881889
3494655
2616054
4259491
1800249
4241136
3581303
1445855
1472993
367767
2387352
443754
4592468
3754871
4520589
1870121
795976
4170288
1836618
148798
1141364
3713221
4737877
3399997
4840555
3116186
4780410
1745066
3408472
1390486
3275208
945747
2298200
240341
2833434
3919028
4514175
4177369
360794
2849933
257422
96806
2726884
285889
2657102
4087085
4402372
3264061
4059096
3267121
4518586
4214332
3244813
657378
2607285
4057634
2518710
33665
3024949
2622493
598719
2551569
4038051
2510555
3112081
1119711
1526402
3170567
1350445
2517261
3525104
233510
1651913
1218978
76594
2247241
4269050
3155438
4671005
1920823
1680786
4876104
2079894
1135363
4567489
2137894
1670915
1560690
1741621
3235790
1518314
2920583
4204077
1710809
4097223
4450355
3661921
3976862
2180925
909029
1340653
3427
3780899
3817122
2387874
1383032
820004
753908
284994
857090
4172008
3459576
2163638
3476572
1748673
1512293
4747601
280525
149973
4845965
2524102
3713736
462205
4376295
1695334
2019096
4694870
1327857
4867599
755902
1189011
80652
4029640
3723187
1385036
1871993
2699173
486700
1466418
1457434
1890388
4108922
3268765
1850705
1461954
2494824
1576605
1012844
547498
3610425
3498141
4080626
1785657
321277
436567
3966193
736938
4129036
1440447
792096
4342850
2801587
1650344
4367881
2979800
3628083
4256128
2757765
162797
1339723
1135679
4003870
3242540
2618876
3297537
4913335
1623016
3446867
2389408
4112212
187334
1729833
1093203
2148044
3693792
4053129
2400995
219363
3581519
2595356
2615763
361540
663070
2691251
287808
4508715
1202160
1677778
3526913
4984762
1648956
1528536
3410246
3806952
885724
4277137
3973969
998437
4206738
2623132
3602758
3446311
1934028
4467776
1775797
1706434
2636449
3683076
584940
3698137
2409161
2431253
3329198
1296435
3763739
3000428
1248070
3862412
2253330
228118
2629521
4584033
4419944
330250
2157856
3267231
4654550
1664666
4585979
276589
4760972
1997284
4223605
2942931
3378690
2636289
1246518
46553
4049506
4182213
4798115
2022999
199437
4735267
4947593
1847642
4777613
2075011
3631199
1562129
3528977
3159036
3187096
357362
3891956
20368
2525932
3971396
3885324
1795964
1948263
2136863
4953575
1084829
2126253
916859
369682
692853
2254069
2205788
2808175
4913421
274302
1127456
2382477
3082309
4748172
3177969
1426265
3793210
1033389
1856471
4267013
4474769
2005901
473620
2478632
1560010
4321362
2005390
3601443
4659027
4500952
1037915
1931220
4441427
3558247
1433421
3358360
4063197
2611122
4999464
1429994
4297401
2290644
1275792
1969047
3741933
3371996
1646731
1587351
3855468
2376480
4327132
496313
1581943
1950689
738838
4062349
2426146
1717535
4908718
1361428
1524588
3442584
507390
3324683
1796168
2299835
1785508
4976950
446411
1629262
3067649
3110430
2666937
1026430
2329876
3356076
856372
3473915
4176659
927482
3029956
3267091
1694803
2776652
4260110
4669526
764515
4610395
3123846
4322744
3787676
1081703
1343616
542046
3159595
3300761
2855423
1088271
3466232
2498635
4269571
557880
2234801
1604363
801635
613393
1819338
4010159
3729340
3826370
3869135
52952
4888614
1063279
1587489
1205901
4278615
1370611
2060205
4988139
2221093
1298919
4612661
3016928
1632468
177348
3952892
4955119
2317134
650891
1776629
2885107
1165721
1131280
2290080
4088910
524641
4871246
153039
2884957
3084843
2801618
2210193
4018392
3354158
706790
2872792
4062111
53383
497435
2910531
124993
1050165
1612017
2272069
1631810
2176570
2018925
3395235
3716263
3178787
4440561
2458852
488363
1386137
2583218
3219607
2847398
631687
4336556
3865679
4228602
2981324
3640087
350252
1091819
3136155
4521930
3385666
3730020
3877119
2750238
2659743
4246278
74889
1510560
4995412
534897
3548409
69076
3184308
3028942
2256471
390970
1541189
4798187
3280163
3743002
2957332
1738328
3531474
4584484
1297833
1323777
3179409
1861434
3155658
3712617
1440736
2183173
934227
2855149
1061965
4593333
813239
2531779
4357038
140029
2529590
3143213
3585064
2572719
355447
3355088
1979802
734840
1940711
2806522
4270368
2848453
3888015
4290557
2686381
978788
4562156
2369515
3488033
2688531
4828745
1090772
3759684
4811362
1081852
643065
2052676
61565
2536274
950105
960458
308620
2595265
1263097
3452155
4451805
1158082
2179312
1992981
4030748
2474808
1593680
4127753
2601799
827926
3376792
4916969
1343044
2873037
2754234
4271989
238583
877220
1994508
4321175
2482152
2227344
4262745
4160654
2308239
536814
4401964
1553658
1745012
2269018
3255648
870225
3265706
2324369
2473328
745990
4746214
2985570
2914619
2822601
1347483
1219762
3601973
2318835
119091
799629
122025
4605597
4156176
1092740
1980802
1945490
3817059
3352226
148960
3127887
3767932
1142763
3494357
943496
4283849
3153113
1956755
1166737
407854
670364
992485
567601
97912
2432740
4050022
4592454
2809762
2906710
2344368
4923943
1611521
3207647
3745234
3220449
3980861
1279242
4414258
1375561
4439673
2791396
3289930
690510
4787220
1771369
22419
897481
2432767
4390392
2766665
89047
4184877
651925
1778157
4777684
1543099
4820406
2223722
2266167
3773346
2086744
3268673
2896680
3182868
3684016
3460336
3761063
2099006
1418966
1444482
1243092
2114268
1586225
1827536
4255539
1709789
1561611
4117041
801277
23329
4987560
3870595
1787265
2058910
4590095
346596
853279
1007408
2133831
1367663
3353389
2159435
1564851
3424292
2414518
4935334
1822278
1920848
3040898
1914038
370240
180073
4776686
210069
3772846
3328163
1041738
4463468
2496894
2130239
1684577
1649434
4836692
566580
3152461
1252154
4810605
932025
1154942
3251345
195126
4299538
2252312
3027388
1185382
4999345
1876188
2805677
1208258
2639056
4460819
2280366
3803298
3301839
1796420
859811
4606397
3528463
2620700
2339457
4070627
4487479
1418872
3628707
4874371
2395645
4319711
2707389
1208697
2290295
187505
2282289
2525447
3438956
362007
4129366
3708213
3073830
2976126
2478616
2116546
41523
2425499
731511
2139210
4082748
4163789
801231
3287990
4967645
3791226
25054
1679534
2485007
817195
2935568
666398
2092164
724497
2351530
830632
4027130
2219823
3313186
1191852
94046
626208
423322
2704900
3199790
4093443
4361065
4296922
2195501
1679008
2420726
1261550
3562503
2369843
2651754
2629134
4404342
3806403
898080
1805648
4149099
641850
3434009
4449037
1970382
4895184
1660651
2050564
985932
4794667
1360698
46791
1730999
2710682
1636271
4913292
764756
4504895
4798452
1287824
3776012
30524
2796091
661483
3859624
4227406
1992728
2343585
4827369
3949438
894135
477827
1119106
2389567
2286179
4745390
1911909
1245602
170153
1391673
2661135
913909
3742139
3123006
3491094
2716098
3374376
3567934
3297346
4048638
404508
4136218
3896955
218499
580567
2674975
4343305
1199106
4875512
1668601
1684339
1226496
317730
2037057
521517
1513975
3941346
2938387
4773311
4803605
3032833
4867299
756445
893010
1398263
4456786
4592931
3316494
2235112
1355136
2017940
2193068
1807175
3672868
2485113
4538003
3273540
3084266
1196522
2405533
1049220
2129016
3433176
4234739
1247927
452487
3907196
2387654
1917090
3289056
901838
39882
1182613
3847918
3825491
4739862
245686
3265629
3960201
4052724
4808006
4677852
3581124
1157179
4227880
1126034
4185970
319024
2771000
1021035
2509444
975490
642956
3746226
3365972
313656
3616407
1952617
3937579
1796722
1124940
3488465
728520
982730
1854198
1289212
3870671
4612063
4179580
2488702
1607591
2277763
931456
4203436
2547502
4096505
2748723
1092024
3660572
2488399
2564174
3130720
1930735
4735317
2423906
4678920
208825
1176826
4004880
1943491
1994761
4455549
3045544
4439379
504176
678921
4934253
441372
1741450
994659
2739181
2426574
324300
3890174
4675445
2827842
3261376
3582504
4951223
4326408
4964068
1868713
2746453
4989897
669854
4485624
3632006
4797480
2523256
3776216
4786977
1393666
650643
161418
1161477
2686071
3727068
1741965
3484449
34158
4391821
681199
1440988
3204546
2857277
2078898
2924745
3853233
4473085
4772392
3300757
1508686
3060152
1951630
4080282
1730024
4689774
2490337
1017700
2879822
579302
2902633
3042782
355421
4559510
3759442
4079398
2957885
1667850
4571527
3534638
2100632
2005434
464768
2081078
2898134
2119737
4886821
4232560
2562806
2339346
2393901
968753
3680893
716172
2923025
2053394
1295344
21330
4948611
4822350
4225087
2431520
62872
1290382
1047514
2783475
101667
2762704
1793144
3642266
2551435
2666140
881478
3952066
4495794
1424404
789020
4172669
1853550
4672155
2083715
4123784
3963865
2157362
2624769
4517943
2169332
3032924
676747
2785003
1808887
2044606
3515162
440489
3216181
3554771
3533914
2641905
738551
859098
4069599
4425509
2006654
2393270
1000650
127047
4467991
4310701
2139796
815684
4059626
2736093
2537393
2664212
202296
3888328
304216
503391
2473482
2257679
3731347
1465625
4117760
2629266
2985712
4673613
1161143
2202754
3353791
4702059
3366446
3049853
3542972
3988971
941098
4453342
3406036
3959526
1456440
1954238
3294892
3554196
2669747
4196870
1772879
516333
1812738
3123979
4387959
4228477
1260872
4039652
712760
3215491
2928013
3039447
4445519
1420098
2633048
3339865
1540745
1096404
1403371
4981993
1037496
2007476
2778185
1608343
3451134
4882020
4482446
4122197
1617252
2862305
2384017
4405965
4255351
512282
757326
2881101
3739692
2640119
4996967
3835273
951774
2512348
4229930
1796908
1636096
972046
153537
4868799
1158121
4031127
3325438
4941240
3269065
2087598
1403373
4680474
4364868
1262574
25132
4802513
3716494
3401247
1549884
2788569
3533403
3247207
1620786
1012697
4223753
3633801
1216057
1907020
2900976
3493626
1090694
2845982
3532937
1931233
3698815
480679
612423
1170558
567660
668212
1020031
1152861
2523620
615118
3654589
3774086
840753
2415804
985685
4102363
2433999
3066398
1296695
762325
791436
4250499
2019519
3765556
1130077
1435096
1426416
3474080
2061145
2615600
2073467
1025966
2500201
604169
2712071
1317090
84025
4996692
1044584
1189005
4946461
1704686
3017158
2099876
4367603
2910151
2818333
4728392
1533295
1174535
1033371
2795238
841044
4666391
3705449
2455892
4736130
553345
3829434
2877303
4928748
1924701
2337876
1171558
960084
3881423
3004192
1327889
4855651
1690666
2214355
937643
2003482
4541405
2052544
1750723
3852433
2028663
1060640
2772994
2549591
2902037
804741
3792589
4595906
2256986
3486274
4046320
1781188
4754811
4283583
716701
4824294
2476506
1930921
1280605
2030526
2980962
3879900
2521860
3203471
2794355
3682132
332955
1699498
4575208
3351640
3450197
2736025
2531084
2237694
2733729
4031705
515916
3419086
3829890
1067235
3175716
2624454
4755942
4270664
212486
133832
3243254
4294393
1911002
3824015
4609056
2634038
2321157
3859431
3989206
1570581
1646714
4270580
3755295
4756750
3410649
2143374
286518
2396117
4696397
3114750
3708113
919998
4767941
3539567
1723543
1164185
971910
3945903
3253068
2746297
3623183
2751390
1470873
1620726
4419859
1687887
2482262
3431333
4739959
913010
3259396
4879550
3443957
1871696
3295262
1939512
4597243
84927
1708417
297000
4764128
3515202
1878963
1370359
4816164
3466190
1434151
1708065
1180410
2885969
2252257
2377925
1163097
209235
4160915
2886269
3095447
561081
4325293
4800433
2283847
468737
3502926
4894454
1694275
2494344
2322234
657660
2371594
1819689
1657396
3195103
4219676
4900343
105154
4084541
3354849
1510742
2583863
1954805
2939885
2955055
1610209
2001398
368123
2318474
157992
1427419
1189273
4014233
2956831
33166
1051858
3055173
4679228
1884509
223603
1093414
2244077
1032715
4539999
3905420
3241889
2740149
108289
3362535
40759
1373979
4586136
2903381
208409
3913081
2168374
4664843
3414836
46880
3596421
2998124
3783957
2731851
3465537
1382992
4717211
2897400
522458
3895739
4093421
1480054
425804
749177
1613239
1503626
3324021
1464752
2555662
3351703
289069
1009024
2531704
575396
3100555
2258484
4083512
245724
3249420
2839551
4369733
2401057
960419
3930418
2966426
2754502
2980631
2687137
2793988
3633613
1402762
4679626
3227257
3774631
4495937
4749417
1712272
1157462
3473057
994536
909196
1441762
733580
1885291
3935528
3883111
2227977
2203627
4761199
4772728
4247099
3647259
2771490
3445143
4586139
2771154
2186018
4900961
221475
3160052
4945903
2031668
2087494
3192746
3905255
3460365
2339801
1127154
1231101
3213919
3899020
1452482
4983667
3050685
4161838
246875
3565821
1107580
3560873
1949383
1097444
3117608
4219481
1322177
4066888
894686
2070148
2776666
1302303
930914
3751302
1269531
4307503
1635730
49787
916009
4647812
4085617
278044
1928030
3399595
4432089
3534711
4746470
635574
4624154
451700
1076944
1743073
4961353
714681
348073
2858458
2207225
2817517
102290
1065188
984833
3265665
2478288
3085885
583388
4683150
483467
1910209
4530803
3873482
4916467
923559
1414858
1261105
1279526
2868092
4157208
2438743
2707731
283998
4422974
2777923
230760
3711844
3403118
272215
3038256
1780048
4672974
4497364
2264918
1319108
87359
956014
4909525
254707
757364
2842385
3911342
380371
3159695
3916108
3680796
2253438
4263720
3172283
1178790
3891460
3789838
1807417
3442436
2405759
4314746
3658737
2509593
4986972
2564771
19158
1486558
2571265
50601
1398309
598901
1133245
4225042
3982762
1317239
1082036
723963
2951359
1647713
1332557
4071239
1528405
3157089
3707375
4522876
3899517
2371882
4379258
3245290
4248492
4227506
3671418
4116784
770226
3467464
1510431
856407
3491894
1899413
751823
3121337
968193
4406139
1782707
2462683
430131
3979081
2204187
1516442
3366587
4439121
3350575
1715461
2062856
1023815
595098
3262550
43059
3548297
3764326
1611210
2779430
4576742
1685090
909112
4553529
4873968
1493336
24106
2751224
3527248
2137913
3669706
4919867
1207113
496934
300456
3399764
3728440
4521894
4821167
3537333
3914251
3694751
4238896
1841309
76302
2184974
3170804
3565774
3942798
3294072
1147266
1022701
4012462
3257801
3334083
1970297
3352238
1281931
368933
998492
3450600
96852
2193144
562810
3004802
4855876
4473345
1164644
509523
2670910
2257996
4588238
3211528
3827968
57536
3335957
996345
1670790
2523518
4160582
2596779
3445992
1593263
4612237
2679589
4283511
2052906
3976800
834107
2498566
4900604
4972231
2915605
1558863
2884513
2915494
939551
228472
233655
4800720
163955
347984
1488170
2558511
2308355
1629232
3886178
3947649
863815
1391994
2952694
2988793
4818433
3534227
444352
2414663
646983
3669277
2083864
1996832
1351345
1790556
310339
140625
3382163
2748745
4962841
895266
570748
566128
2595003
2318113
4971577
1552952
2711397
2908575
770381
3082413
3482662
698693
3025453
2230299
1056486
637603
3650728
3102803
4746164
296619
2668256
4230512
4628136
816819
4636070
1392434
430591
4363563
4002397
2215394
2441783
4224797
3359345
1881407
424948
2734985
1966173
524247
4799398
1940086
3584501
1934611
684007
3071066
3445313
4387009
3684976
1455150
4194125
3212126
1859575
1868682
2856554
4962545
4316597
3094282
4446875
4349941
705243
4703802
4412958
1106669
3641565
4769946
1740307
3977666
4560819
4056669
1866230
2494736
3165678
1641487
3653820
1064897
3883798
3669365
2628562
1549528
81103
3707260
4750246
3950708
986108
3674193
2061351
2571625
2834496
3695258
2071388
3096926
3711186
462307
338411
4449534
2761948
2415303
2988345
2317806
401411
3681793
554658
248700
3104662
2157713
3287794
598681
982596
1215412
3290085
4112574
4490365
1230419
3064829
768490
4818202
4972681
4945742
1002014
902895
2304290
1333698
1807194
3636634
3348885
271228
2939658
3832277
763393
4915063
4192195
690258
2080026
3844043
1322664
1841040
2552869
4653429
1098990
2338280
462197
1465241
3184683
317519
3518212
3617865
328124
3585846
3035975
4479910
4858735
968378
2498717
3876595
2707695
1573058
1990255
763344
2848822
1453563
3594926
4214513
1505435
2738776
4516353
2094568
1880579
3285442
266954
1390841
3044437
3792021
648690
2332029
1654792
787325
975860
77888
1256160
1483040
2512260
1767070
3224743
4246458
3766245
540685
4768422
2201476
246287
2688239
2861096
513987
1319109
573832
4587843
2108028
2798938
649255
4419325
2438458
3956914
2229450
3032034
3897679
4899443
2061318
328391
2315698
2416622
4188733
254739
1250535
1722253
3452590
2832177
1437755
1907316
4553280
4453589
1732850
4243069
2494030
3861608
3277952
1547337
1143959
1361655
3016264
4480204
3887539
2923984
4898183
1011492
1273174
2022912
3930041
2580221
2140980
326173
1392408
2945288
688560
1724610
2011254
542742
4371682
475258
711823
2145771
2607394
3334229
3270497
809808
1580786
2793799
2987448
294049
1868314
584988
4848153
2683671
1290987
1236246
2487569
1489675
3199358
280724
29146
2414322
333176
1929231
2146724
4660361
2737578
1869353
3095564
1150194
49587
2431289
4780937
767720
3718056
4875812
4344601
2100200
4689358
1778823
625391
3165688
4438138
1106424
4991674
2250250
3328611
177227
2279611
4950100
1327289
2888819
4127335
371486
1959266
246695
4285098
4800222
4965920
4483114
3059609
208838
153695
3621767
48680
2596109
4634948
1631410
1617783
1374550
1202289
4125960
1877179
260322
2003351
2494369
2915456
3038469
877094
273789
3962695
2972721
744331
4395281
2484357
1457031
3911220
2202744
645897
2124738
333551
4198695
3279322
3588615
1024795
3542382
4708195
3790376
4935624
1890229
3465045
3376555
1248006
3399770
4114555
4046593
1000601
4794706
1769685
4846345
3701675
592825
3694910
2236746
4655379
2578959
3240212
1416919
2666055
4417182
1142227
4711362
172175
502609
4264976
2125011
4613326
4414564
4545477
3852953
3889179
2107377
2557625
3002576
4789779
1172070
615321
2309215
1238890
2079015
2460344
2061614
3482346
4925193
2342666
468962
4827710
2759171
3754170
3796198
642933
3033135
2963254
1716099
2401039
2465715
2046166
1435842
581025
2795627
1237806
4351075
4337500
1969736
542988
1123292
979226
1612751
2490260
1835959
1596293
2832955
2102892
3665232
300412
1271457
1683854
3008294
2457057
2957378
580857
466599
1130278
1698909
4735249
3536112
4261050
3332177
1091763
3820243
2803645
268723
557902
4846900
4028826
4789570
3723765
1851605
1341506
907198
727300
1356940
4967188
2407329
1002634
3465547
4602945
1498726
296649
1320526
4148829
4370073
645661
2112442
2267876
2120525
596596
1813317
2088020
58741
2795344
4917056
1275442
1241762
3060698
3566351
481490
224685
3443074
1015544
3450343
238453
3801760
113628
270520
4511397
103358
2353968
1373263
3417892
2292628
170418
2839384
1148224
4064143
4415191
44884
2844274
841375
860197
4259238
1943261
1231707
1153389
4167338
2734706
1560104
3845560
644751
2674355
2452406
924895
1775996
4147648
1431923
2102473
1018926
3987604
4961885
1237134
657246
3783177
4084434
439072
1496306
4825167
738874
4908293
4806460
1913127
4138116
4481344
4992711
256776
4695663
4535858
907073
4299727
3083761
4106947
3601481
2471507
3426766
1816727
1033351
4171409
1965136
1533298
784241
4809024
4305911
4100601
1606672
2810261
3324435
2668934
2511827
148128
4944606
673051
146165
1119235
818542
172821
4124822
2520469
2480936
1047208
4380786
2053617
4414361
1489745
3631432
1073550
1892013
4918518
690155
3394988
1474569
2893957
3197029
3245383
2100502
3274089
1687218
527177
1969331
2409243
2119576
3161869
279249
4525689
4303745
4920940
1309037
3034583
3298619
792976
2659350
3440968
534820
2883731
4633368
2894746
493670
4289249
4193394
3628994
3807831
1093635
4145111
3616859
6484
3285522
3340964
3227604
4026088
2754467
2333493
499894
2797055
4260273
880410
3164499
4187351
3768981
2700690
1249328
1807725
2847593
2527922
934943
1662514
4754627
362565
546675
2453126
2127365
2580647
1376381
721398
4536
1286373
266822
904930
82962
3793574
2843736
1487066
981313
800686
3814453
4320099
222015
3768085
2544932
290465
4337092
718936
1494843
4623561
3235227
2065783
619990
32680
3922693
297303
2383736
4122508
4952676
4374403
2541888
2333320
1042071
214115
4354693
153182
1948846
876682
4461365
2861642
916129
246351
2347123
1082706
1273902
4571422
3172219
219005
592119
2082031
1974972
1615489
4602275
3887757
930549
2053236
4156000
419632
2762996
2089766
4072878
3121802
1321125
4281536
4856601
985058
976526
4032623
450240
779454
3310806
2971415
3914541
4426927
945207
1487112
1740695
582386
4081545
1837638
4973179
2127765
3823781
3603162
4049910
4204815
2755094
1660996
27622
3731721
1004372
2365667
3482231
4033993
4980333
3939905
861629
1240984
2757513
3287055
1523665
2106488
4002758
1208806
198073
957996
1513036
1700253
4775505
4995741
1308929
3368890
2797629
625669
2704121
3565036
3700519
763208
2436309
2128459
2978092
570278
2884601
511014
3016449
3758215
530757
4519124
2269058
1762314
759781
1114315
4837842
2816624
4209826
4816135
3889242
304096
1484580
3160638
40809
2934130
1113247
632058
3977357
4533964
4209581
1739064
27356
4766017
4630036
3185074
4686318
1757039
1975522
632991
566043
1980662
2202638
4450206
2814804
2346966
1934422
1363828
211421
642972
51542
1251653
2164719
507569
1656815
1495705
3567878
115126
1376075
132287
1517821
3234111
2701388
535762
154119
1893943
2767369
50904
2872230
1275369
3333455
4768482
2853523
2068739
2897512
1168725
3790915
4931935
1930581
1080186
1635154
3650787
4609760
1968267
398626
4763369
1025908
4533087
3577061
4752618
3026113
4905098
1390416
2846044
1160831
4085903
4136825
3118381
1158207
1780599
4934289
4782562
2647727
3295255
676993
4438576
4077144
4450065
2245855
4522389
4919396
2192572
1120190
2716998
2595239
4554360
2374731
229388
899085
3794188
953760
759896
2032983
4668010
320083
2058358
663395
580975
1859708
388836
2903657
1649250
1347507
3385501
1938030
4001772
2958495
3059703
4468349
4262911
3391866
663724
362624
3877830
3582595
2301659
2544143
4190351
2770438
3559802
2383632
239339
2093546
1308526
2572411
4420763
2823178
492601
4235061
923725
4370646
323469
3467994
3545615
3627185
1294195
3459304
1755677
656542
695098
1570945
4886088
249505
30732
4193200
278601
1391463
2413076
2815225
4736578
2040695
28482
1942028
3625186
2332283
4663466
83360
1089023
1138987
947709
3133677
2872567
4897701
3667008
719283
1074982
4029533
1132266
1882636
3717791
2516716
123939
292101
761332
1604906
4153483
4754926
1716451
895400
2838471
4235070
2487537
350756
2137615
1298073
3388419
563383
1993128
4092366
41432
4785228
173093
1926201
455242
1573145
2095728
1090686
2265225
3692273
733023
2574315
648390
3237665
3135264
783828
3333104
2640662
4641910
4628095
4856367
1369621
3754828
4524793
1343711
4987302
2535058
2777028
892455
1846552
251089
534969
1069669
2000435
2017744
2310421
533626
2960340
2898893
2771774
4252135
3032578
1693594
2674392
3909200
2139216
3109700
1114362
1984808
4971601
2800840
1892223
1212142
332708
4041574
2347186
372477
164510
2960536
3419613
3754912
4355955
17065
1303214
4041000
3119010
4905750
3745117
3899481
2256621
1946661
416369
329717
2724976
1460492
969300
1183545
1048666
3971989
381359
4234283
2700969
1972021
2816757
4678042
2641694
1942674
2765514
414314
1177689
3515860
4061021
3972063
495147
3202474
326197
468258
4664388
1955473
3048022
3093632
237174
3683292
1863331
2193430
386863
3570164
425524
2766261
1449413
1496750
4683689
4003137
2275038
4943985
1195758
2364727
2826577
4781285
2898365
230587
3641097
145161
3713406
1840371
825341
3540930
2854703
3918804
1920258
3031533
1141975
3914380
1171956
3649061
3321825
3568618
2152784
587991
3206951
4156690
4875157
4235331
2180156
1144990
287414
1780755
4038325
3929307
1601403
1828274
2537342
2197135
3916808
2167200
3462558
2475508
1328232
1835590
4962108
1476147
1353585
4119195
672935
405406
3190898
2355181
4857313
2613141
4371320
4641053
458904
2998640
2980940
2075875
4825114
4389257
537821
4209342
2850265
2692370
601163
2783666
2308892
2138088
3966065
2259091
3844786
1576409
3242738
1736732
989884
4511485
4757688
3088138
1548469
597128
4466038
1270126
3980786
2874217
719050
1519512
34603
1952977
3669806
1858160
2078382
381402
3324785
2346874
3211455
821522
3864400
346474
2827280
678308
3377400
4033037
4614960
4904004
56987
2298148
676513
2703010
3723415
2035527
1848199
3877764
595897
4040550
3507470
741135
1782266
3035953
1202329
3302438
4268808
2077557
1712055
4516905
2059294
400273
2317572
552908
2229687
4975275
2065556
570948
1810348
1819806
955065
4223384
2867786
3100040
2194680
2516135
2985784
3172440
948070
1828351
4804804
1823854
1917773
1160200
2279422
3455737
1796021
2951904
1307915
4775301
3848917
2704662
1044414
1165208
2355085
4908967
2749825
3081477
1068948
4417498
1867425
4894642
4021597
1589425
2444375
9274
2809577
113749
1869497
1103919
3367435
2420074
3858834
1620619
3875476
275584
1641314
1941435
1989925
3857918
2414633
727615
4339130
3768825
2381288
524611
3469850
3483960
994441
2575271
2021231
3275777
4167472
1836358
3819933
326246
3647287
1481196
3682550
4856940
99229
1583199
238423
4429486
4086860
320048
2643718
1381511
2248417
888894
3970144
1599624
4256458
2053869
128200
3573323
3409863
2298263
3669868
2498590
3754143
1342740
2373503
4548942
4135015
660068
1323027
3505573
1068501
1468792
851987
763746
3889079
1205990
3746928
2147195
608326
2426294
4378031
3308297
1835912
4302904
1790236
4079404
2435770
2029537
438746
679336
2380913
4752414
1341832
340833
3350474
4225202
191402
2515599
3165814
4295008
4126045
3808975
3255437
1260530
1495917
2721266
3778624
2684335
886415
650661
4027795
4340035
2938952
4181803
923372
2423960
257025
3120052
3027689
1592886
2940022
4166772
2296260
4271435
4331597
513555
3133882
2951949
206530
861170
2660821
77635
1442157
3012436
2790154
2760431
1152440
4537318
894761
2844965
784138
1805910
4843432
1325201
3443042
192404
1201375
1426448
3740432
2282273
2920298
2610289
1543683
3059641
2622657
4960172
1626857
2068216
4521809
4025260
4396349
2315707
453262
4204116
4742939
533271
4729928
2671903
820140
1641261
2675770
1808452
145677
1732865
996316
3882172
3961475
145159
3698963
3787731
4626657
744534
3490231
2960289
3642579
4339727
3734596
88808
141203
2508360
2843571
4987225
3040290
398957
3993379
4707867
3575268
80125
563976
2157177
4267164
2036082
3776878
3871132
760186
3766262
2009689
110174
1504494
87256
1648467
1734695
4996948
2621800
254050
4459019
2450671
635900
4374864
944197
3295791
327492
1872557
3451636
1634026
345363
4260146
1730111
4589108
2348832
890547
1910071
2152624
932268
456317
4048697
4154972
1734037
2937694
463700
4561234
4524141
2742023
4774958
1554984
2615848
3772712
2009163
1624014
2268295
1703842
75900
1082321
804759
821812
3827777
495456
3772363
4969687
4654037
3455977
2589988
750802
2873450
1849039
4464640
480399
1840666
3742655
3550608
4633624
4751194
2843468
4213631
288522
2034306
2569581
4651226
77987
2454679
4578434
2505602
452657
1647225
2170374
4370813
4760664
4012142
4976210
2466848
218319
939427
619926
3798388
2508921
3010976
1896682
928957
217172
4810590
1236995
470488
3907896
557048
1044368
2189007
1072715
4835854
4034765
2632420
3601866
3141550
605719
1998466
447745
2901102
2989820
3666434
2856239
2510421
1055474
3777246
1073074
3488905
2548769
2423979
1358636
3686011
1278900
1713452
2522361
4615171
1427990
4188494
3749997
428356
1824073
2314824
751600
1963687
2319935
1315099
3621338
3568852
4456769
597317
2989208
1891003
3996039
243687
423145
4118428
561037
1422186
3712375
1143340
4124594
7912
2072933
4407527
4734768
4349916
2023567
155316
1597021
3566698
3735765
4199744
4176146
3614076
4367162
2448976
2655338
2956530
3559340
559437
382252
2511120
289565
181260
2393999
1145202
2001887
2602191
4468838
4136749
2941201
4411752
2688205
4065064
3977483
4493218
2137194
647056
3647576
4652864
1139738
3183862
3498055
1376661
4680773
909954
2690975
4897596
1310866
4438815
4191312
4253421
1310862
4994688
112869
3809769
333534
2166365
3514771
4835385
4419637
3484208
725569
1730998
2007021
457366
1788069
668343
987030
2758042
3065764
3938704
883210
3439773
1681662
3746120
4370872
4261566
442640
105456
1675344
4765965
3572322
1845171
2098835
1234269
576517
2687332
121243
4932211
621321
3704978
1424554
4925966
1921942
2823369
3188370
1801220
2202198
4033396
1558667
4053534
1336675
3850340
1639712
4514075
2914367
1082240
1977379
2717371
3776911
4238540
2107039
2046791
2373640
4144833
4640708
3775302
2777795
4908935
4704173
1634742
3735094
1143873
3194275
2619925
3925002
863540
3432528
630375
2158128
2584079
798079
865299
4037462
4286498
1580508
503718
1096243
2473539
4137324
3197869
964464
4024837
2058432
2922752
4104567
1765213
2970123
4033261
798586
1432070
333057
3713279
3338298
3612331
4713145
4840134
1227881
1108669
3012110
848542
2154169
3382664
2532057
3887656
4436555
3147396
1146280
3020691
3090023
4515300
3482293
2212537
1369355
3269125
4800658
829081
218780
3104291
1101178
1630639
2311628
301455
3146844
884795
572809
2303415
2631743
38795
664685
4301087
4032277
1099280
3012924
1403428
3067056
4920695
4701464
3646618
3316437
3359395
1177462
1756260
2486233
1818254
2461654
3699842
1352916
4511986
2148223
4277303
4140074
4315932
3746499
2686278
307651
2851972
186795
3228944
3253941
1501356
851806
4112411
4609664
2047102
922760
2598159
4691026
1537979
3858811
495500
3168741
2836670
3489821
114569
87507
969890
1302527
981748
3291288
4547683
4854672
3488462
2792246
948060
2134308
1111057
3611782
2763502
79739
4632285
2437710
492417
2568982
1953834
1802183
1127377
2254940
1888663
4724490
3190514
3476598
2121752
2204418
3310039
3920024
3714236
2442658
750335
1654052
2051838
4275555
2876639
2375832
103060
1108763
4027381
4298690
1568217
3005626
1439526
3361583
1238491
1989670
2678451
1201780
521730
3329941
4550255
683293
3585455
3003857
4001334
1623182
3415163
1094516
697471
3766991
4058266
1258704
183031
2196489
1727350
3100023
1874377
2997752
496659
3540451
1472464
401110
3095840
1024348
4175408
3336637
4722421
2561538
2395124
467264
2978686
2455167
3535626
3878262
4583940
3428683
4826468
1131482
2580219
4033476
657775
1602652
1100065
1890921
2579162
2739283
1807526
4275608
544901
774919
1385011
682447
4449913
3819286
3742529
947231
3595572
4226069
4742732
4924964
2220740
2179119
4144694
2615151
515461
3609277
3961247
3383369
2495002
3691176
3969202
130513
3469068
3083279
86244
3473669
3612469
4922258
2285629
4469038
2150470
1648455
2453316
2706015
4877694
1013764
4577440
3576815
4243368
4955036
22295
2371459
1782244
3996887
4822527
1976933
2591499
3683999
111937
479635
169201
3233304
3758915
3457233
804266
4054789
2827802
1863445
3756919
4299974
3140143
2131091
909437
488504
2654169
1146027
2413488
2874241
564017
2111126
4719122
750173
1357973
4354578
4388627
336488
53024
426421
1041449
4943695
3124673
2156500
963298
709307
4514523
4174474
3736694
4732694
1965111
1306978
3359033
1881103
2248599
3261535
853847
4621662
568426
3444095
273836
475237
4888882
2203957
4046356
1653352
1558514
2766801
1803421
1886322
3341557
3318445
1539446
4634681
1516606
1016993
2293143
121072
2100406
972524
2553837
2092574
333552
3263783
3828040
988832
4955176
1722753
424828
1086910
3474331
2958742
3020146
1697140
2206723
2273905
509207
3104635
387563
3092874
122229
3555786
496664
4790356
2936672
1003192
4147288
1978059
1689647
780409
492360
1291454
4908928
2165433
1821366
954214
238447
3243485
4205192
1092842
4099626
4334176
2273877
1150706
2871254
991688
1582084
2136436
116884
3590089
4876187
3259984
3583956
1966023
1816074
3252146
1189071
3172483
2769905
2545370
1505375
4832880
1965970
2415546
919626
3728168
1869625
2577348
2185498
2649645
3593076
1854684
716741
3423465
803279
4766879
4712464
769791
3398141
1811220
798514
1123866
4041130
3459141
2064838
3636755
4596271
200150
4211416
3192278
4084286
2157864
1404041
4934133
3593063
1106356
366954
2454312
289256
1365273
4312579
2541729
983503
641924
1044272
905780
4604458
592922
1966562
4718458
2923890
3575998
791125
3494704
2388273
2997306
4138955
304365
3551856
3968111
3266968
3849036
1168123
2506582
427353
1051734
3780323
4033399
2029762
4564876
1452476
2258911
4473358
2538032
3452331
4119696
1687073
2585179
2612689
896910
2450502
4039824
1947357
3919390
188651
526493
135871
3139707
1691704
2870131
3811964
1394680
2962524
4815728
4622214
3959334
4719322
347223
3320295
1074533
2541383
2739702
287010
843259
2626673
3928092
3924783
2614708
745213
636901
4306764
4637528
1515172
2158062
601404
3560726
1805352
314795
2135277
3866594
4871548
2285311
3840123
152256
2611997
104360
3286085
4956957
2259656
4285515
4042396
4183348
1256571
1786348
4267816
3106317
3846406
986395
1358014
4929739
1087073
1459837
2106451
1001568
4812911
1587802
799300
2838363
849932
392016
1697465
2358345
3819212
347841
1680684
3938012
3174207
1243568
1948981
2123136
1595998
2329356
3706966
1463276
4482057
1105078
3756003
4716164
4100825
1214804
410919
1684314
368353
3442738
1400488
1231384
985162
4719465
3689665
858495
2990815
715915
2266019
4767975
3891704
1516424
688724
4322899
2016713
732321
1030397
4561396
949712
2337083
540735
2313618
4749012
3851495
1891639
4478846
2346819
4888641
1212301
4242820
1415814
500154
2901046
4478679
969064
302372
3829798
3909152
4356667
4601414
4137466
702245
488199
1178688
3326612
2174468
3125298
3451863
4285689
297629
3337268
3824749
4753117
3877276
3094024
796046
4750996
3498538
2889178
3555747
3080305
1053013
3194944
2797466
2338566
2267112
4398791
2039147
508713
432833
4010877
1000488
860822
4674328
633466
3973595
658693
1658886
1904233
1198819
2621921
953138
2123266
2233610
3499703
905129
2793816
1899632
3919156
1395906
611299
2670723
2684125
3478988
464573
2615741
1833106
4865005
4436620
235500
1272656
225075
4900461
4390521
859777
3341939
2169480
1921817
262251
2525111
2293133
1924680
4639902
622522
4886861
4789269
4171164
4494989
4342987
4490600
4180877
1442805
4942714
2245756
1280148
4543581
704821
2414732
3297721
370546
37587
3716321
1661339
3095853
1607697
212936
3000211
1005801
2993628
2357022
2635389
3496253
3085115
2358706
3560825
701956
3836370
2963877
2267372
1283105
4199355
4518041
4610998
2817825
345256
1989001
210462
1107186
1821011
3812702
4960950
541889
3229658
2886879
4150448
1826493
633189
2296410
4207687
3173791
3235916
4805468
3342617
1057181
51788
3851693
4329428
4642950
4818230
810301
4773627
3614888
3008394
2019280
1466041
4122741
2350006
2046870
2680247
2141690
3282542
2299569
4433137
1049769
363496
3769569
720896
4260459
5802
3970815
3905146
4224402
3339597
2891353
2190031
730868
3468273
2514290
313235
1215196
1038789
4190570
366858
4280938
336864
1443997
1510711
938520
745153
3153287
1414448
3655555
1272639
3079929
111816
3311244
4686191
2996396
4843631
2459952
4575052
2154445
4053543
1084894
4061453
2849301
3450199
4003069
1068506
4762765
4310371
1358636
858956
3753043
101175
3014619
153715
730945
1302982
3073011
4868012
576886
3303648
3752371
3655842
4149339
3086542
691229
683979
631604
1767635
692429
4185248
2508004
2977877
3904210
472436
3784677
1810509
446789
2954788
2191990
945778
3928617
2863691
2151937
1524171
249326
2772822
1546755
4167817
2108599
4890306
891974
2837601
1839917
2525077
2276464
1549781
4618221
4615257
1112074
4846476
1736564
3075518
395202
1134571
2032823
2547105
2329103
175568
1774914
3588877
4772766
557765
4086369
3260541
1519755
3215023
3171336
1884247
3850052
139929
3923834
3323446
2017253
959823
1567116
4581177
3796256
3113438
1090590
741324
175807
2020975
2845310
2764642
2432667
3988278
4854449
3891622
712034
1578651
4772654
1402256
4949942
706503
294091
4586579
2444997
1320216
4389505
4270543
589073
3685647
4207450
293098
4440124
4549280
4859170
3131759
1455120
199116
1992651
542797
3085655
2402793
229026
2654188
4346865
3168038
1330327
2980220
4173762
1239083
1837417
2879894
1395586
2028157
256492
3687131
4094514
2392443
1060275
796149
3427682
1422501
4257733
4959166
2557419
3055297
3901996
4570051
1613430
4128409
999755
356497
3918712
3611974
3734540
1464395
3353362
3659535
4491206
287100
103075
2766379
2544840
2387865
1937008
3793897
2615122
4525478
3231990
2415721
2048487
558750
4199537
674537
3816318
2527977
163112
1371003
4637091
2015800
4889294
968657
3646853
2856652
2275724
1499555
3719246
1070436
4866138
1027717
3871559
3983554
3527821
3643132
3087184
4441952
58069
2530769
4240039
4542809
266338
1923756
2099285
152780
2190694
793211
3778360
935650
3266552
283093
4672182
3426039
3848093
170842
233819
4130206
3614783
3052385
18395
1962810
3193984
776082
2588227
2115714
1991838
145412
4153790
3044762
2444655
2585311
2220902
2397490
3302343
1151941
2742399
2972532
4394187
2492706
113824
2384922
2593854
1152943
1675131
2862817
3822939
1815246
2492790
2481111
4063210
1634066
15304
3844298
2005981
3037018
3909922
122647
4376521
4071820
4568051
3997344
4479014
4337919
2409077
809111
918297
377059
2791747
727848
588476
903949
4423603
2729211
1729053
1970089
1037772
4666565
3312470
1537737
2891620
3235835
2129626
1957338
2048972
2818427
4091930
3745585
1659679
4465902
2732166
1656003
4443727
3893492
3375296
1461033
3153882
1967394
27837
3044578
198737
2118132
1221031
3490926
2949674
858407
4113204
3481352
47694
4695246
1504421
2056858
1144667
3403818
477252
3666362
4735330
3031574
2677321
1121197
3645438
4553280
1002477
3045607
3124
1211664
437079
4839544
1430695
4654177
2172196
4915446
3215531
1806795
754553
1154280
3014910
2873969
4725093
540366
4781150
2359841
3155421
3531856
3428569
4105389
1631067
2948265
245469
3399907
312256
2924758
4693289
4150333
538460
4087241
26097
2541290
131436
2942198
4403388
302761
4620667
3868589
4610114
516380
2073754
3842710
483590
3454615
4029854
448419
3590173
674245
968156
4250345
4071526
3923884
775409
834751
1440991
3544043
3184134
4587176
4451730
1338037
220927
410130
2841731
2797117
2031575
1868121
2820916
227066
4679277
681562
1874494
1182933
2202673
2657461
4009323
4700673
4436372
3064279
1541290
655772
300642
705386
4515312
1703913
3002137
714431
1694749
861849
1696622
4121879
1134270
1961163
3913091
1930003
2107208
4397405
2236167
608742
234935
2333146
1778208
505662
4813524
2870682
4396569
826807
1176990
2753820
4343373
629604
2668955
1097051
3567121
1069307
1983849
297657
116232
46120
1911044
1652454
2895616
1575153
3332860
661001
2779322
4597592
2148675
3917801
1050053
1654814
394408
2226053
3584291
588634
4990935
1276474
2173888
3948406
3108773
2320841
4531970
4857324
913707
2916881
3973045
1885885
4535366
4220779
3232207
4735254
4993645
926501
4438591
1410871
4471909
4692817
522636
2387919
4972696
5825
3045650
3288813
4235270
1272914
3251493
4969644
2618197
2101783
306552
4103812
4268474
3521930
1099299
3347131
1164478
3355990
394476
1854607
4583185
117457
4704135
3331339
2338641
4690691
2326552
917470
1703907
3277366
71389
958147
1936028
4590361
1761627
4469291
834154
1756628
493841
910276
593445
410298
4523322
3035088
2423553
894600
3039013
4381250
2352331
1909108
4993678
1623096
1380303
1733626
1314086
2020707
3501523
1764982
2770173
3581803
774038
4070395
4879344
1959640
4461217
1923826
1080798
3591944
194696
538439
4728830
2445751
4245055
957206
2236307
2541742
1706260
48159
122404
515062
3146482
524404
3806554
4552289
1496166
922746
3563942
3076518
2640407
4865109
727923
3941973
2695008
1319429
3122273
1621981
3446105
1837798
47896
3056639
2818417
1057982
53101
4587280
2964933
2163851
3636892
181090
3333939
2418504
3680764
4692762
2151112
3603525
1013484
2733538
154772
3486473
235625
833918
1017615
2760956
3006777
3103557
3219941
3642888
1958049
3245943
4381023
4641093
1306636
422205
310112
1104421
3261789
2286533
3982911
3117200
4835389
3502114
3619768
1841599
673963
2656350
3640593
2712645
1222631
4969881
2262785
3678167
445421
3193647
354723
2263497
3308118
4486278
1397029
1087082
4813512
1689301
3380801
1929115
1013735
2493569
4399877
1654551
1187331
4201781
4302794
3780215
3187480
1767637
4337406
2068191
2115245
2585107
2116563
1830693
2326136
1867780
889845
4135771
1166858
3922731
2633597
2664210
4381020
3881838
1466420
2199440
1678169
2096768
1409472
3662148
1756668
1517722
3310972
698892
3819760
2816705
2402311
4040333
2162333
517744
4145746
540723
1248746
4692083
1919526
598243
908266
280408
225060
1366232
355525
4791339
1316864
1679305
3858303
1166546
3106526
1748868
3075110
3040644
2027010
1734209
1280813
4796735
4760613
514140
1048521
3993007
4910027
3254048
2462831
1737824
4128450
4636908
485071
2304927
968782
4953443
4884505
4282133
2709991
2976313
3667055
1824229
2907493
224830
3089144
2560259
1775051
3452398
931108
2192826
1818015
2028459
2410124
1800737
2601402
2112117
1679524
3483116
1646000
4188430
2247049
2109450
1578071
498699
645973
320071
2943853
2354145
339671
1614722
3981676
1255207
111418
609861
3145421
1087347
1293045
4603796
1300211
400500
4850021
603222
3537766
3083021
2738394
568262
3153038
4988781
2247724
1957098
2905068
1274001
3785759
1677348
2918603
2156773
3591908
1508067
4910897
4535323
4956076
1260827
4933057
3634656
2047726
952705
1732654
1719795
4222689
1394015
1683017
3929653
972083
1183085
4860041
4337644
870196
848016
1189374
2891840
2267372
982506
2899697
3122044
2816554
3231500
228247
4699415
1122500
1065283
341422
3440228
38409
2096645
101707
4957359
4538831
1343672
572502
4032909
541192
10639
3795614
857657
4456521
483075
4026471
4078455
2948754
4558503
2502353
4730624
3349295
1771229
1103284
1667369
1016807
925504
2600266
1708090
4316908
3258993
3875429
2457376
2314365
170871
4690459
420054
2280117
1290928
4810533
3194973
3577910
1637448
480769
3616485
3284566
1466163
4006218
39658
695956
3679312
4371316
3992481
4044152
402701
4837082
3287070
3059581
2955523
2138049
1658828
408712
3371256
2106985
4776528
4987102
2823275
2131173
3092925
1843209
4407641
145831
1820590
932675
3051625
2274496
3515058
4286069
1895472
2057187
3050497
2845631
4147421
1947817
1354580
3797612
2318161
1830701
4446653
2433509
3077378
4240028
4833652
4421068
2957249
4239204
617283
3238836
3183283
3601135
548412
3328446
4210284
1084279
1422654
4395715
4386753
1571361
3348623
2704508
89851
302531
3308746
1079121
3812625
4927774
2584184
1152261
2867469
139539
1968237
2285680
1681220
2025946
311257
3898667
590817
1555671
3446900
2418763
4649250
1297330
4601438
1956638
4778505
3925942
1636151
1728668
3359854
2879884
3011782
4389676
879869
2112649
4448135
4761434
2164337
3003755
4468392
78879
387563
1828457
3056409
1135675
2946306
607104
983173
3991359
209044
3291804
1655531
1774658
1696326
1889675
388401
2732630
1690816
4143064
3283211
1818725
3243760
2637121
1631170
4183151
1266057
4176855
829916
3349431
485697
1232223
2287308
4084056
4402309
1950675
852498
187886
3841494
29623
2252649
2216212
291451
3254242
3883290
1672132
1267945
4949214
2321236
451264
1836675
1201868
1574936
634872
87481
1468736
578043
2159186
1424007
947605
592316
4011442
395872
2745173
3124949
916161
674074
3472121
2843826
2931178
3777459
2737112
3840438
2270454
456312
2625406
3319708
1899489
4811329
951223
358242
50819
1423196
2933987
1955414
3071106
1009487
1542675
336847
507595
12004
1581548
4049389
3538802
3802165
1727202
1236392
511429
1529152
1531602
1018226
3026016
401968
1284434
4046628
3859395
2271456
202096
4919519
2245258
3868225
1042099
3787461
379090
1020363
1421816
1698702
1065486
1300602
2235976
4622068
775256
3056609
2324649
1562546
4835353
4048762
4830355
683984
4144180
4828048
2823937
3632144
3308813
1451326
1482625
2350074
548794
4936988
4241629
1609334
1469941
3890790
3218550
4056172
4494548
772587
2943870
4161120
2443413
4178697
132940
401270
2301255
2880071
2559255
1912775
2974406
4706898
3275549
3710365
4675154
2434927
4434271
291029
1073364
3543460
2951041
4847110
850617
4676368
4882710
1060720
647711
3838547
662592
1325966
4782695
2974498
1477943
3938229
4566646
329324
442543
4623192
4106687
376754
3925905
4837661
2774030
3219064
4528484
480279
1213837
119925
3811275
3215237
4413572
2475240
233133
678806
236173
4189166
4555514
3826624
1713744
1091688
4017611
3895041
3161989
839055
2287421
2437876
2962188
3628418
2843575
2117421
2535899
243192
2505345
3101511
477959
3659940
3347214
2919925
4718443
4271737
1559609
648403
1445809
3530138
2550777
4952868
4309605
1069954
1668074
1840836
1054316
2456271
1032412
1181356
2088015
3784337
1426992
3511274
1216858
2264302
1088380
1633361
4013446
2547703
4457042
1676666
653371
1339455
2847447
3675774
4529015
3190563
3365407
426507
664760
4346298
1887957
4200748
252696
2247669
3986418
1704823
3597400
4931252
4161379
4036148
2163766
4632837
87423
2731693
2381710
1420751
928509
4596805
3668374
3536748
1349175
1252702
1833458
3675396
2131577
4222416
4350362
3186639
2580915
1943684
1106768
3941882
4452130
3344210
406382
20645
3613104
4990541
2303701
152612
3567276
354972
938932
3157249
1336688
120731
2715947
3338553
3379497
1093428
3494609
762283
310952
4493106
2397246
3280935
3549957
485965
1915017
4562584
4839405
4315544
1848917
3171782
2262051
4087601
4448636
1194608
1646971
4212038
3395215
828860
2802018
1353697
1822663
2722348
361527
3557484
641798
1845018
4986361
2087077
4746176
289246
4653714
2472621
4492764
3337673
2956984
407886
2271946
2133140
3997400
4079579
978347
3196916
2237702
1462352
4083922
1531566
2148826
2700081
4200038
2172070
3181861
4753382
2131319
424371
1207276
3225810
2791915
3936475
4214990
1700425
4068735
792553
2351295
4988927
2049494
3124020
1363770
1412460
621032
3668007
1918284
862241
3779204
2007814
2251077
1734149
2793921
3794112
2115380
612466
3109096
3599630
3790393
785129
3432106
531064
766049
4110343
932569
2211341
2065343
1136874
4251350
1999866
804419
2239938
1931387
4789721
1562389
1603032
3315004
2813749
462658
3061000
1885126
1872279
1319368
1084220
2392091
2506115
706448
4294182
897668
880441
2801736
3563283
324717
1874311
1371183
4198870
4817199
2012938
268070
578291
2444136
4724236
4098281
292392
1054099
3605201
4942628
4218154
531338
345613
3173652
4266931
225284
3880306
3811080
579313
116756
3200358
1152358
2573631
3222561
261620
212577
1240251
4270732
3718616
4919404
678610
1779714
3253672
4419691
530814
180708
2181878
4412540
4671752
1999357
1769931
3395465
3675319
2368169
1882136
1883203
275503
3005751
1217080
4246881
4647371
3075026
3054168
1982355
1322603
1895405
1785131
3834508
4063352
4830542
3280326
4311418
4316161
3228735
2322810
978239
4901173
69217
3902017
2061522
4997536
2848672
3939217
2118331
1252125
4067252
4032804
3640920
4139001
2065719
1152581
1059715
4869662
1577967
2567908
2754341
1391436
2490220
3198637
183653
2979404
1070030
4008505
2242186
938693
2483209
4425557
3337887
1387332
4850741
2353852
227832
338909
2711604
2693609
2637290
2116206
4361467
1082698
1045935
798071
3196425
4934943
750723
1011214
4742396
2281342
157353
2482979
4256150
1797816
1420137
3442411
3590559
566229
1391185
4830594
2627568
1127133
3972870
32667
2025738
128690
3662701
2752500
55016
1897158
842617
1078833
2384522
144399
1564850
2957547
1633896
2367081
1590571
3071328
2025885
4478609
2468878
3961375
1569145
920187
3737410
1231192
2671196
1501386
2238192
798804
4777033
1059835
1513538
3496602
1007334
2326986
1449977
3766899
2737899
3376242
3756447
2726472
4205814
2502663
2195513
4637023
3707436
776250
4472403
2083830
3730491
92694
1835512
2134879
1407376
1576235
1971888
1537422
2120904
4314695
2406327
2475224
3175614
4888762
227708
1804818
4118483
3363096
3878101
4408830
2401738
4666413
2126279
1675216
2026496
872685
3660490
4434010
1002035
1275431
4449987
1376009
3472289
3461895
2937271
307049
2996783
417563
2813784
4277830
1596583
2905983
539395
1775180
268679
4003526
1110013
3488754
2587239
4978629
1072613
3709263
2944564
350744
2605212
1400598
897477
361811
3540700
2202807
2276612
4396107
981733
1926727
2819383
3511479
4428821
4401191
4971032
4473118
3966040
4062397
4699405
1648077
4477089
3007646
2537328
4778403
2161808
4286997
3816810
3038382
3441555
4903815
4960858
463311
4387905
1983106
1939951
3528073
3451920
4556306
2306116
3430522
642111
4035310
2441963
3844436
985271
3981669
4831809
4399054
4809600
3445755
3427299
4012107
1022337
1122792
972828
4397695
4061547
2033184
2367278
2500399
402578
3920754
2997008
4304902
3713838
2474696
470050
382154
3701159
2211426
2467391
1395278
208622
4533560
3848925
1549637
829759
2535375
787737
4638301
93585
4416554
4326667
2421963
3372265
3432226
4198615
3642697
3026301
212377
2675309
2536746
1726635
1329614
767387
3769908
4540594
4381644
4029501
4414401
4160720
1852968
4529434
2212225
2296320
1694368
1268106
404612
660108
4223529
4338859
1089660
1883422
543220
2815450
2598908
4462629
3398855
443497
2925728
1666163
96200
3113323
4642717
798530
1455521
4571680
3310796
3402958
3553660
2506399
4081485
4784017
3513512
3993577
956165
3167787
2367134
2944893
3983463
2771435
1963183
200117
3148909
4904662
3219315
1050395
2335809
630859
1066445
4490217
2962573
4191426
3804095
4765429
206876
2943228
4762046
3451762
2028277
1405033
4614564
3069008
3289798
3550377
1394365
195335
984466
1013467
1649967
1571976
2119356
3145569
1172420
818277
2092210
4925359
2672012
2191604
4637748
3767563
676743
959852
3345416
2593216
1672346
3769649
355635
2367640
4915371
1614179
3036135
3668679
4519143
835191
1202398
2284263
2489049
1650082
4163013
3394403
88888
3018382
3492793
1768348
514679
3518962
4627563
3762324
1218868
4157168
690588
1879251
3013642
4638633
3963345
3699035
2208489
3836252
2742897
4290031
4119558
4275629
4421601
4048450
2144397
1746478
3602299
1323166
1726220
240045
4663905
3578364
3134134
3420572
1051042
378948
3989869
3739438
901034
2612968
4067455
4605673
3850050
3192308
2414255
687793
431362
4083694
4635519
3488646
1572942
911070
3563446
3838974
574804
209449
3714333
2777187
3070755
2724632
3883384
3627672
4405019
1879147
3471129
973825
426763
2668971
1514984
1291117
4736949
1619672
3668200
1856983
2551067
1028653
3099750
3973474
170491
4034170
4816632
3220645
394377
1929228
3871004
2865457
132086
4738717
295226
2313562
4846710
1070892
1459170
2628689
3523054
4093385
2454391
4349116
4638970
4727296
2110169
4655971
1616296
1233740
1223704
681089
2657651
2867360
2393886
554259
374975
3550782
3398624
1830734
1243198
490247
1468334
2165298
3347117
875416
2455116
2719541
650003
3467728
3819703
4103869
257849
1893200
1948262
4020116
4614418
165541
3893226
2362908
340261
1683734
1007710
2369145
503133
2784824
3282648
4593401
3629907
102243
3707361
106984
331538
3822520
2641353
1932371
1963174
2099106
352048
1440710
3152463
1264678
2412412
713291
216140
2635391
2371669
4686804
3390151
4989167
1549924
3100176
807743
2470644
3681071
2291659
2690761
3604148
3022983
1724177
4467547
3391099
3114312
1933193
1456807
2706390
1397077
2764728
4484690
1677960
4587872
3170351
4129081
504972
1077770
3606645
2510931
1957646
4451112
4453700
2044320
3959327
4393235
87165
564966
1429834
3625958
4591407
2355579
4324925
2458446
2622188
1745140
1330793
1548463
4390038
4168405
1145001
2597313
211385
1652282
484381
707163
1737674
1283594
3820885
3576480
3444030
2296986
1060086
4358849
4209257
4780878
347762
3016544
302982
1036120
2074746
651205
2064279
1481377
1687867
4325939
870887
4194023
3052953
2787078
3083511
1431962
2998369
2384127
1079714
4372007
3371726
2342609
4761912
3687383
322704
1490344
796983
3453456
1203001
739050
3083302
3934626
907066
3238760
1536608
1775750
4268299
4188321
536529
503359
2132692
4158709
362374
4133395
34276
1769793
2443637
4678230
3303944
875947
2380534
77720
2354841
4246232
4701579
1303875
4762587
4641876
2053845
3545887
3620584
1776838
4288358
4412217
4671262
493469
4997930
102909
2480867
1250281
3953782
3044243
3355102
2459100
207614
3341163
2546456
3794665
4176026
799185
2554214
387767
192689
2771819
548466
2274966
3881674
1286345
1554304
3714945
2435950
3724813
2745114
3443054
3430321
1627511
171066
4331396
1836101
639625
2472286
3963113
4391012
3592711
2324607
3748129
3854343
3955501
1924224
3854658
2931326
2407084
3433715
2616431
2742049
128888
1594773
3431317
3955879
3444584
3756863
4841268
4247073
1298324
190583
217123
4803670
3973192
787316
40683
3657316
394374
198803
2236883
192417
4572411
4195545
2966672
3238299
4171623
2365893
3789720
4484012
4295279
4895669
4608284
4314536
25626
3344987
2060722
4851520
777673
1919229
25356
378921
3250810
2462942
1207210
191571
2055148
3054524
844997
1115780
786424
3015628
3887979
2200639
1033510
525863
3229417
1376630
3118421
492780
359773
520638
2862271
1809541
3024408
1514206
2226630
3807731
1773234
1776679
954791
4398259
4839516
410188
577500
3343418
4420700
1590630
2641286
517488
2380641
412652
4327163
432576
4289116
4784930
10255
3031263
3880485
1616314
3079561
2179544
2306344
4028258
2967954
2844216
4999891
2216288
1879041
4268304
2190472
4839697
4607223
3214905
2511278
2442359
1399285
1218073
1591667
3211274
1068078
3846104
383135
2041687
2793254
1758480
4685196
214598
4894410
4184994
4107993
740560
779104
2144809
1980411
321988
217410
2305676
1517030
4978094
4631307
1184870
1633491
3723541
4253321
2885046
2649955
627559
2824395
4564821
2031525
4596387
2736066
123386
2327489
4790215
4385734
2978712
1734609
2916987
2085945
4702276
4719174
2363812
4289135
2701557
1419719
2572594
3873992
2077148
1498956
1664343
2726300
2260408
4137070
3217370
137164
2035217
956174
3440215
4804865
677460
2154181
3923756
2758378
4779916
1419294
309453
1887195
3905965
1772849
4607815
81586
654399
4433177
395243
4973891
816795
1480915
2940217
4657222
4709126
4258632
3335200
4913340
3229244
716720
2428930
1131112
803735
1539112
3023648
3780805
4353283
2083669
106220
24084
1635152
1903721
853444
2008755
4248784
2898501
1783584
4024583
3449006
3336957
3509359
2753371
2301235
3598013
318792
2653760
3732225
382929
3022399
261919
150072
4245155
1083869
4971363
1595231
1457119
1550270
3673562
4771787
2986060
2648386
3158743
4432236
1356876
1727105
3038429
2907601
2303538
4445254
1630208
390282
2744933
2771587
449920
1219143
704721
4271512
2550464
4320207
1341255
4440998
204207
2197008
762341
3514115
3638494
715196
2539587
4317580
4086746
2821534
3199748
2826510
2901436
328256
3687299
1158283
3065998
94446
4364126
1988270
1293577
191410
2792540
2157456
3163536
2949855
3184669
4160005
2719301
1439669
2612624
2304632
4727413
545970
471695
1600245
1072161
4319314
480734
1295563
4176396
2100165
2136414
4792681
1175364
212400
3257898
2222017
4251203
4805791
4564902
627339
253332
1069897
382810
3105585
4538622
4071307
3574474
3128059
1613912
2587982
2244900
951261
3282493
4236091
3227692
3202040
3390318
1851497
2998179
278071
2272663
844216
2838912
3333045
4790936
2885119
1431492
4816105
1035363
1644501
4468761
4294166
35662
173697
1671314
2652676
3228848
3637037
1758430
4439934
289035
535525
1886266
700266
3447107
1259937
3544262
4240107
590766
1980890
4219790
1933894
4938112
2514592
3437667
4507106
886507
4613228
2471041
309471
4400522
2127367
2305133
536936
3520874
2230291
3770952
1063565
3600617
1212615
4664753
4745859
3686663
4950338
354391
3471143
4107573
4537259
3524990
4784452
865765
3289751
3486364
2904157
3321065
1387561
2904948
2183300
3963999
2575179
4776127
137328
868709
161138
3234649
2544604
781911
3580800
4130218
3454574
2860724
2275569
3076567
266858
3319714
1695536
4912539
1619534
2310867
1153642
475644
1150460
2134009
645210
2142094
4373657
84394
3078808
513590
3962815
255325
2296183
3485678
3780362
3918530
4858437
2819652
570791
3545997
3001008
1374169
4650667
1415485
3537404
4361862
3093796
4076098
1127684
2620664
705226
3818467
2982871
1740703
3547088
1730851
2457522
1119564
904197
4972566
3908602
206382
2282994
3293557
3104896
3195588
3057051
2700306
975598
4498125
2735028
255227
63989
1132228
551893
4142710
4753974
2060292
4563831
4630225
137899
4241106
986599
2813104
2668448
2858836
3762808
2500368
3873007
4145557
2242927
1217897
2898693
3404060
2738442
1237414
4482342
1075525
3832067
2325619
567157
2681145
2748341
356678
1940085
1361574
1929758
2227467
4645548
2800416
4120873
345703
53444
3442662
3328505
979792
355644
1059754
643438
3192247
211163
1960410
4776125
1269180
4343469
3803948
493490
4779241
4413545
183529
1929106
4679838
3040059
4269646
3907316
3009994
645630
417734
4772517
3903478
2590305
4874749
372185
534783
3097044
718375
1092957
3008722
1311977
677581
2606319
4776167
266274
1325789
1808418
2823338
4130868
1454760
2356953
4055526
1277455
3856467
4046515
3592953
1630920
3685138
4132987
2284949
2971770
3768038
1727118
1150224
1638479
3525767
3351060
3345004
2676958
108862
4070173
3375477
2580384
1107467
4596933
1697659
1953035
3794267
4862872
2886686
1595638
4788312
3680418
891093
2531001
3506604
2445362
937092
1027815
4672920
4386098
733115
1283243
1428358
3119667
331328
2097779
1379528
260309
1704621
3512925
3780154
711904
1546348
1850241
4443164
2844011
1115821
4192100
2512527
1276104
1159126
616061
3855415
3950491
569363
1980401
4582118
4091187
4520299
3122534
3307841
1951376
1110981
3422196
882343
1500343
2002472
2133221
4666140
2596701
3377322
481560
4394015
4508276
1428542
4657777
2199818
2045511
4086827
2943273
563452
3486921
435599
1593507
1038439
2283115
1507988
4014684
2822458
1115477
2191906
4514780
3308868
1570548
634898
2078780
2268053
4158181
2684261
4270724
404176
946303
394329
1766872
3183141
3497219
540191
2751447
4097949
4511195
2039628
2037715
195819
2559379
59883
1717794
3443328
3451888
4032626
1225408
2481994
420704
1606661
2524143
4775358
4048055
1893724
2327499
3942462
2273652
3199017
981506
1935957
4762373
4185190
717310
3554354
534570
4882058
2202218
4301716
4497434
3457801
2926726
3528239
4858384
1924114
2653611
607482
1795010
1159915
2896520
1494484
3410837
2680488
1301261
4810132
3867633
2541883
1640859
978988
1195971
1171345
2554853
1776333
1250431
4109060
608808
753024
1242135
1194747
4029367
1365810
3426957
3358688
44301
3226341
3244371
3019600
2587558
4419720
2136110
4420976
4926721
780073
499406
4285975
1707891
1502771
3364757
2912312
2890262
3613201
1115555
2869369
1210220
2131521
2602563
2586181
3109777
4730563
2514830
1915153
4260233
547830
4412103
1976361
4213629
1411602
4307976
2402006
517214
4544758
4122372
931954
4243735
1304831
4285773
3594665
3778178
3924529
3884013
255336
135806
1929041
498798
2647068
4652615
3603074
3350250
4434358
1595402
3036403
3883567
533434
111245
2217577
1380872
2769298
262618
4484
2740497
418216
3431475
2386228
1617676
1683293
246805
4977916
3887872
637037
4555560
483508
2786579
4346945
222143
4154513
4947625
1605464
3036425
831803
1675383
4704178
1554435
1099853
2977576
3325784
2199333
1527242
3632339
1077354
4580929
1157802
582292
3063305
3159960
3846422
1247582
926160
4123012
4082741
4603618
946289
3054410
329119
111708
165130
1908235
357011
2968046
4687786
4013640
3639770
2491382
658774
2816892
3103146
481545
2168239
3860422
3006129
518342
3555682
4768069
2341521
1956583
561783
3298018
1939627
2860547
2444718
2914583
677972
2643836
2864771
4580729
3922989
2148228
1660770
1147474
2336134
765900
758204
231239
4956494
2389758
2122286
4323915
1179184
2555060
4133009
965717
4930451
1791761
1985615
2623056
3029244
3986794
2965509
1226631
4338997
3560468
963591
4299501
4558157
3186787
2407729
4270552
4806686
3878378
237377
1924909
1133569
4695069
3060715
154041
3970544
1494486
470042
479912
3038812
3663567
4612549
155287
4143852
2946240
1729107
4433970
839891
2143453
1487216
3410583
938859
2547954
2021295
4281794
1630740
2215739
158441
4591393
2846040
2507168
4974233
1340348
1934592
1532447
147642
2973739
4761977
1725972
3632190
2101417
1828176
3791545
1722190
1798644
674646
1441825
1574006
2754789
869127
1511558
3156607
3163821
3461659
713828
2529825
4436292
2015516
2219014
3941181
838643
1241453
995200
2041669
4842063
6148
1158409
4756423
627388
2143861
4571602
147412
4258384
3420498
2649514
3287277
4134558
2864311
4949782
351825
2383691
4973386
2731955
1002859
155244
699276
1945485
3495146
3508517
4194114
1506106
4340870
3455086
2138687
421283
4615621
3033449
3508136
1370771
4297314
4305282
993842
3547836
721914
2899239
4586476
4532851
4163549
2957967
997137
296843
1609107
177621
2525004
3842816
55915
3681026
2041697
128185
4473260
1854769
482203
88601
4022045
4869491
1658174
3015728
3958275
4059950
683275
3282927
514320
4902065
4511951
3296028
1543010
2632250
2452095
3464738
3640258
2334445
16875
1401818
1863100
2460198
949123
2225646
1028960
4406375
872337
196627
344229
1502460
1068845
2611279
2775297
456699
3389844
1795286
1341050
2559200
3182450
4316278
4981843
4266922
893063
4466805
2359808
2346678
4143653
4132795
3810193
3034060
3362999
2961862
4265546
902986
3680289
1363879
4137581
3778495
1685550
1839265
4831649
3919621
2505574
1180796
758785
1919897
1322009
1881629
4419301
1385856
692703
3884340
3160381
52888
2778676
2731696
1616254
780225
3300991
4564396
4906127
1913614
1409524
449922
4264598
1889632
2196925
1298460
2632413
1162048
1100352
3859663
4164266
4441630
4524968
4336426
3726197
3208065
4233805
215045
3076377
2431561
1177220
2942527
2998004
3984982
2012179
4856485
3404006
3483900
3793558
4972633
3052286
4917977
428916
4545049
806470
3199593
1874973
447827
4815811
310968
2929209
2701918
1071068
3253963
1339651
631045
1998155
4541436
2768191
4241479
935341
1917803
3853239
4731306
3151826
2210782
795403
1918373
4778112
4820614
2598668
2074059
2932209
1200317
4926241
2253931
2040075
291480
2873739
4930026
3101811
4959414
4301063
2794437
4489882
1635469
1235529
2891623
2994583
4427966
4654001
2569289
4867323
1940686
3668353
4471296
3408850
678538
4877245
1583898
4165317
1391690
4329356
647869
955596
1647610
3239235
3176223
2499379
3975523
3432225
2818171
148352
161358
3531650
4213005
4715404
2725403
4510510
4950340
2003829
2350647
4296447
2574170
929990
498641
3389909
4597774
2570640
4119592
3581800
979452
4802190
202079
4093588
4290714
4202401
3579365
2743279
2312272
2577241
3111376
4209932
4071382
1880770
1182524
1645026
1202371
4800863
1748514
4678635
4046863
1044765
963943
433132
3402583
4190546
4425005
4855543
486458
3214217
3213228
3990353
3476632
1972998
2349495
544603
2289603
1523153
4548085
3753690
3572049
3565979
2789762
3813718
2885004
4913127
4233546
142623
4044846
1439550
1796267
1969330
3607602
8199
1