78221
1132511
2100380
1804257
-2349683
484892
-1341491
-299964
2927497
-2360394
-4027484
2425669
-1726679
-4936112
-1525026
-4544805
-131932
-143084
1904594
-1676368
1320387
2131826
2494556
1023600
421951
-4112202
2641992
-4090380
2739101
-407475
1073688
-1868440
4811122
3301457
2782098
589069
4464873
4238029
-4530835
-1165949
-886262
-1322206
-26929
1672625
3153867
3070093
-853839
4907047
2900465
-323611
1537261
-3165523
4702784
-4363515
-2162193
1858866
4545687
1342467
-1071575
-4291023
1065927
-764756
475346
-649519
128413
-1775444
133955
-27199
1114010
4720240
-1938807
1142590
1211498
-3309642
3938860
-1778033
-541884
4016894
-2035701
3251617
-271824
-2399932
-1213940
1778743
2780605
335642
715225
4074888
1269344
2048618
4041762
467685
-1288635
3430716
-897113
-1246260
3407621
239465
-3472468
1577272
-2116734
4142543
-3708490
-4791481
2066778
505150
1218417
107881
2540800
2845163
753523
-568185
-1797718
3977273
2754161
3111064
-2296176
219778
1864074
3962133
4253080
1132098
2921575
-4293760
-3657245
-4741239
1429598
3609834
-999079
1351549
1140692
2105179
2245646
-3038802
-2232421
4195115
-2357563
660579
-145509
-4861270
3696729
1703704
1304962
1844522
587923
1356618
-301844
3679837
-2282343
1549407
2240631
-435053
2753636
-4796094
1474109
1028374
-2071620
2004512
3494335
-4208740
-765745
-1861321
543112
2217415
1561901
1488285
2748261
-1208120
-3543053
2887261
2187413
-2039115
-3967436
-1913181
1230694
1193940
-2832927
-3307897
-1426588
-3470138
1907154
-978563
507715
479039
-4368866
-2059038
-1662866
1139295
644693
-2928687
-835796
-2143692
-2862128
-1820258
-2497661
2240446
3827358
-2675722
-334957
-19030
2425986
2955177
-697382
2757600
4264499
150507
-970471
-1892124
4992888
370595
277895
-766883
-2473289
-2761584
-2564428
-1261883
-139161
4400613
4048193
-688797
3995306
-4041700
4066670
4457203
-2066012
-3930512
-501739
-243303
2339479
-3639496
4574472
3213799
-1363001
-4992459
-3683514
-1188225
-1648403
-699196
4497563
-3433106
-3985069
4768634
-1437434
-471858
1363114
-523301
-868105
681398
4121710
-1459294
-2216630
4974553
240661
2275483
61876
4698981
126482
2589860
1128260
3349057
-453077
2757146
-3401573
710610
-2987253
-2582244
2931464
2978900
1514234
1712932
2583567
-61031
-2494090
1747256
4590354
4688079
224542
3575717
3108310
-4062790
1749312
-1735438
97048
-3408474
1472641
1974435
-3947524
4635970
3925598
3330622
-2377580
-1852635
1894844
2265979
-1623411
-320832
3195923
-1634045
2899310
2164479
419985
-3832892
-2997702
1901493
-807748
1006017
-1138820
-3023066
919665
-1094372
-4148907
4209616
-4122793
-3348931
-70286
-1356644
1112416
1916131
548143
4585787
-721370
733214
138844
518406
-3380130
2656864
4645816
1496762
-1912639
-2954669
-3767222
4511633
1239485
1178082
-2618475
-603887
-24230
3336752
2530459
1994893
197085
4772507
3371414
-2176433
536336
-4585346
739040
1562635
2428019
3011330
2014028
-3592305
-2298799
-4098516
-2968189
1118337
4024213
-3756833
1137006
-4219112
4055169
3973940
4511260
-2156927
1442071
1758631
-2722217
221843
-423375
-590801
827579
1782353
-2702598
-4381752
3817101
-3601345
-3724253
-2942628
-2892819
919194
-3309077
-1133411
-4465675
2569301
-4658562
-1173709
-1306449
-799010
-2176482
1060541
4998636
-3322418
3621449
2058465
-20582
3873003
1238836
1742285
-206302
1493454
-2635222
692170
-1455146
-2696193
4034243
6245
-292827
164851
4795938
-3584714
57702
-519749
-676398
3093002
3279114
-4133906
-164130
592148
628042
-378455
-4468358
-1565757
-4323924
2728837
-290474
-276888
-2315233
1579195
1767657
526037
-1256413
-2103421
885871
-2095393
-4823829
1147745
-826930
-2086300
49419
-1929063
-536535
-2150334
4665439
4316755
4701261
-3579482
-3303591
-2311962
765127
4395733
1532006
-23187
251816
-2612211
-4494737
-1609426
3505269
-4840550
3255222
-2168459
4775080
4141353
208826
629362
1358652
-1562140
4178581
3209788
-2589334
63087
1548034
2905947
-1224585
-1415415
3030184
-651287
-2122946
1094465
-308366
1346068
-3139445
838882
668518
-2965758
4274503
-1974102
81794
2230672
-4281221
-731068
1347211
1558195
-1438727
1554344
-3334718
-251098
4144998
4634089
3467221
-933445
-448363
2649090
2367478
3710006
-2445752
1911439
-4007100
-935450
927866
4090650
-622541
-1006089
-4084657
3778995
1294113
-1933368
-1837929
-1452938
3468417
-4801846
-2359014
39349
2296135
33009
2245903
1097803
299495
1845774
-522497
-2547337
183997
3029662
4488122
-2661036
-688771
243880
-946522
-136597
319186
-4201716
135655
-1753849
-3231597
4391091
4021788
-1869295
2640715
3080148
-803062
2040042
1166427
-2330318
-994661
-4429382
3092505
33333
-2384690
-868954
-1682302
-3791294
-2376648
3702839
-2080181
3967225
-1778762
-41072
3146204
-1021163
1655829
1875165
3443948
2016143
4024937
-4378536
2192784
1891384
-2984351
-1348116
-1077732
-777310
-4914905
-3557646
1430013
2354297
-1863268
-2774382
2681769
-240034
306369
2179404
376186
-2449527
1087704
4133199
1835847
182786
2476415
4904916
-1940143
-4404286
219369
717322
888017
349939
85155
-3849835
-2535085
2308310
2478458
99415
3477553
643175
460488
1670922
3873340
1007645
-3221732
872582
711337
-1466894
-1678516
-227572
3450338
1182747
-3025809
21536
3553665
-871597
-1328435
1845769
-2450026
-3829578
-96637
1825442
-1839742
181254
2329351
-2539
-3223351
-2482646
-1517406
374790
3199365
-1944402
1754721
2885488
1618186
1282531
-1039751
2043995
1892088
-1109494
1455358
-4707902
1124927
1321215
1683936
-3445506
1099242
-136108
-1010447
3252449
1240658
323890
58302
-1073451
352554
-2869055
-1951296
-1541372
-847902
2141805
-107031
-226786
2002587
-2708472
-2615516
251910
119282
-2844758
-3802999
-47776
-4356361
4972650
2492272
-3155684
-1696482
846601
-1832528
221146
4794981
-1449936
3070232
-240945
-2445534
1633140
591479
-55178
-246916
-622104
-734428
4390811
4316596
-2451387
4259735
246550
-2202275
-3843136
-1401347
-920468
3496742
4548256
-507836
4905407
1277696
406924
4637943
-3531434
-2672904
-3150346
2156704
440301
4900095
198495
-744652
4429057
2475395
3873943
-4603859
3593031
1106741
-2118295
-4049011
-4055254
3050618
770671
92940
2650067
2612218
-221442
-3792492
-2409890
-2657031
799941
2802351
-3795462
3415014
-257065
2647297
1455952
1109212
-2043646
1762107
4325978
367241
4026233
1035121
2301331
-3323296
-1578047
3978469
-2173775
2345360
-2925679
-1463394
-1114609
-791417
-1151732
-1510061
-2701929
676768
129277
-836062
-2086180
2745362
930340
2564619
-1277395
3469259
1547508
1135407
-1083407
-1410561
2671400
3981273
-1584527
-4107877
384522
-1375683
-2805569
-2979875
-1139712
1031683
-9226
3817666
-103287
1104711
3967405
-2661897
-1816779
-4118825
-455084
3723680
981369
-372516
-594474
225231
-1140026
-563079
-3540521
1766523
-864575
-1597565
-1367997
4641400
1732365
-4691852
-530365
-3525547
-4685404
-4092225
4987479
-754842
2681676
-74484
-274941
-2549260
1973496
-4150938
3156632
1673375
1165515
967473
-3747047
4439606
2641491
-439906
74060
376711
-1992131
-3530356
1097706
4950753
-947738
3181346
1075463
-967219
46706
1851943
919928
-1891032
899880
4270398
2428421
440517
1067529
-44855
1995932
-387677
-1360951
-2575260
-2742076
3484509
-3386968
4787295
-2207003
4009198
10041
66411
3532557
-1068392
4694125
-3269339
3484140
-343913
4576229
70227
3593187
576082
-2597927
-2737639
2274506
1488441
-3919707
1656690
-1499185
-3351912
-426972
4507034
-2665921
1001036
2675583
3440985
4434998
3643513
3148086
-3895493
3630548
3708588
89362
3637256
3397774
-3680411
473626
3380470
-2663990
2409335
1200871
974943
134106
142781
3042166
3367688
-2427140
-3401549
1062510
2267344
-3634528
2453688
-2013489
302876
3538957
-1327147
-3634708
-3013268
593866
-251821
724603
1482629
208760
1402008
1607877
597611
714074
-31089
819769
-4926133
-1076761
-3574499
221119
2126959
-1335097
-4102643
-3692807
-1000847
3059181
-2038173
3041484
3057712
4676437
994120
3909047
2784617
3794458
2078124
-863415
1395774
-571049
-3100892
-653299
1031131
1101074
4913977
-1837169
-414774
86851
-3151473
3083828
3156802
936462
191358
4493503
-4985304
-2846659
4300156
4184050
218233
-2153097
488324
150146
1413436
1589688
-574470
1074733
810421
-3793137
2260767
-2149160
-2333330
-4699454
2321701
-393839
-2977059
-4022505
2693005
3040342
1376942
663687
1543880
181309
4682677
3112915
-52677
-2492464
-1691460
595592
2935971
138910
1569445
-4685806
-2665131
-2393302
3075821
758396
98957
-2479560
-4605213
1632633
1450586
-314253
1161039
2039514
-1630443
393285
-423060
-2948393
-261762
-1843888
4155971
1774609
456986
-1971335
-3494933
-1471508
-1161493
2134422
4341294
-3823698
490092
2932111
-609505
-1417055
-3250692
852964
964441
2988404
-4716848
339257
-3372140
2704346
3131691
-4302995
-2651429
-425733
1379899
-301239
4032078
-4600639
-226708
494214
244629
4153495
636123
3274537
4635682
1756258
-3502906
-3526033
-4914763
-42043
675506
2860404
1700587
224760
-3270527
-4102031
129976
-4668274
-1409237
-4115390
-1223308
-2110184
4321443
606996
-1941996
3179528
4547749
-2290582
3331201
-971075
-4169457
2605597
2146567
1416382
-1896998
3947625
3082427
-1315837
187352
2514282
-3799446
-234265
3245911
322175
-3292397
-315396
4576846
-495397
2693187
2107003
-367656
-867018
-959510
1769565
-1727440
-2206313
-4676827
-3910353
1009933
2294672
2041909
-1446715
-384887
3847556
650182
842277
4008800
3323582
3982517
2316311
-3971102
-3246261
-4947488
2117029
1613266
-689509
1918391
-1541210
4246422
-197926
3083630
-898260
2549651
-434429
-1351454
3739291
2461401
4231051
-220167
2399242
-1100624
-789549
102321
-142474
1902876
-1930544
3765406
690111
4855422
-2833403
2230368
-108699
1785967
605845
-662223
3175972
-2718413
2194567
-277692
-1014836
-891855
1131870
-2708711
170749
-1041526
-574747
-2827612
845424
629510
197523
992211
-685771
-288736
-660161
-4793898
516221
3849154
-653351
-565955
-875234
2791898
678216
-1432721
-610053
-417952
-1215871
2221242
902705
-618916
-73517
4046920
1913949
-1513865
-2975409
-701770
2043958
1102845
1658229
-4198004
1197306
-3557558
-3216916
2313442
2937939
4471857
1888446
-2529495
-66923
2361739
-410794
1145431
-971158
136937
-88510
-195637
3919916
-4262857
-3727702
-2397248
-560051
-2835397
-2824862
366942
-3315672
2668892
4602511
2232793
4172649
-119991
-828066
-4559728
-2698916
4554225
-4546170
4383067
1106692
-420237
-1662877
2907667
1707291
2740138
-2656778
2997234
4827187
-4296030
2008620
1744974
160600
-1549380
-550086
868879
4483316
1217068
-858425
1067328
2889573
-1974680
2346091
-2816458
3520213
-937978
-753741
-1181221
2024713
-487898
-2021243
4322889
-1382254
438937
3407437
3386979
1290118
-1049913
3914067
-4654078
4856191
1853941
-3173906
2736159
4991297
-2376670
-614291
3115771
1888677
1544506
-654884
-1816491
1404162
4514578
1811134
-4082979
-3300679
-4087514
-2410450
3163665
374815
1425372
1858594
4492018
3050817
4713551
-4186368
857504
-3501966
-2088516
612492
-620679
2274471
-730070
2680049
-3657007
3767362
-2933039
2015636
4330164
2595308
-2398183
-520059
1670038
-4702121
511002
568071
328
-3832025
2138649
1799065
1296156
2736518
1461460
2680352
2336497
2191117
2328313
289885
1269009
-2020599
-985396
679476
-2478343
-994225
3680362
-4505341
-2493863
-2096008
-1072292
-2550550
1971064
-1889559
280258
-3375862
457252
247166
2022549
40182
2869599
2290819
-2138025
-4989612
-1931344
1901773
4286656
1967932
-896639
1825195
-3032483
608541
-2031556
2031324
-2872135
2318698
3970090
4116650
-3998217
3007552
3494211
1822421
28812
3498903
2487678
2015513
4307604
1464824
436065
3593280
-2517121
2724722
2030968
-732705
3527804
1609133
-2621530
3715391
599312
3267026
2552865
381049
2238267
-4744261
-228697
2387634
-1996864
-209153
2211799
1958129
-2789174
-1556252
965472
-2884883
-931142
-2630863
-3922860
-295328
-1201662
-2662830
-145264
-1518523
450884
3547142
-141271
-1694049
-2956165
-2776919
-1153726
-160071
851863
2695844
59845
4779073
-15452
1298653
3212369
-28655
-1802767
217901
164313
2289283
2612323
1991871
3998059
4174416
-1743411
375991
1200903
1226275
3537215
1386777
1233775
-237181
2323276
3354326
2628408
-150691
2776211
-191038
-2276539
-3264228
-320990
-342037
120353
-4082578
-364815
-2196081
1443894
272475
4927758
-4954737
3518139
-2409135
-1384885
-3378743
3231940
-1491681
-2855589
1536568
431081
-213585
-2458762
3435313
3024455
-1422695
269780
4901131
1874649
4699037
3503289
-3296850
-781603
-2680868
-299555
-839278
2805814
-1789419
1867723
1816244
-518830
-1519775
544321
2329591
2660042
-2881536
-4129578
-818782
-2905084
-2170713
-4948125
505084
-4188762
-1947909
4223295
1476379
1487959
1694700
-609538
2446319
-1059557
-4418480
-863961
-3161931
363599
1218089
-2219194
-2926065
-760034
1404890
-4754091
2009430
873742
2582210
-640812
4925456
-2585256
2586445
2166324
-131843
-1654095
1254165
1510010
2336016
-2542257
-3727927
-279943
-2967382
2119899
1434857
-1620275
-363646
-1640136
4458593
743666
-2979797
-85658
277282
-1020675
-1920765
-232310
-72120
-3271894
4568158
1067901
4012299
-1088864
-465147
-3123345
-841321
662707
700996
1522170
1851479
1232254
3666833
2232906
-3378316
-2346766
679250
620324
-1027737
3159084
1121167
2398322
2618656
1167432
-1074278
916792
156756
4971291
2753919
4034179
-69483
-2206231
-364898
-3266169
2620922
-4007324
-2891057
-3786679
3969343
616271
2373207
4369888
2836369
4592389
2101373
-4720475
2851551
-3771815
-1043131
3539478
542645
1968426
-3453565
-4083599
3669510
84534
-4931281
-3760555
2214250
-3729816
-3828478
29858
-423704
-4015621
-4683931
-1321240
4931283
872527
1496089
-1973599
103606
1587581
-3562492
2427229
-2335501
-750561
2614862
580537
280568
2096559
3631789
-781065
-774586
-1663309
4812599
-4961117
222902
-1031005
-1904960
1679680
-117012
2291248
-1854329
-2481837
-5847
1743955
-1682234
-1173873
2405459
-738597
767223
-495261
-1868094
3908778
1271835
-613555
-1397660
134914
702969
3526098
878992
1354948
-2200617
3149040
819404
-755036
-2220122
728398
2631972
4285228
1454916
4593687
-911759
-1059345
-815335
-2214145
2011027
1398383
-4724405
4694187
2999151
650897
-1677551
2030416
1450567
3502617
4650930
1576336
-4089573
392492
-1464486
-4309860
27956
4177865
1358004
-3049492
-4380093
-2251663
-3100833
4630916
225721
-1483009
-1844066
-1952564
3564335
2296183
-741832
146268
776265
-2776081
-160373
-976644
4924112
2271602
-269255
2607057
-1616182
-1750126
4986347
1214735
1721057
-3160942
3796244
4825393
-3785715
2347017
-3578564
-1550332
139507
1396166
-1330659
-883562
2311970
1731692
3185715
1474738
-2318253
-2741374
4141396
-1751965
-389288
4771509
4343876
573782
3274451
-2289188
2727686
-4023298
2380509
-690471
3509213
4084587
-387848
127545
3658472
3839466
1833128
-1666546
20962
2941362
2100477
2536018
-1994400
2798038
-2654365
3986623
3485040
3073889
209730
1709671
-2668554
-1812587
1317988
-178686
2244661
1272448
1999252
-1423844
-170970
48405
4819750
-1165495
958561
596519
-2245085
-2379652
-1122620
1437470
590685
3704141
-1180370
1009039
1175344
-4492313
-1982065
-2359133
4488318
-847524
1367782
-4381260
-4743497
244194
1892735
-4768252
-1842717
2924305
-2864854
2005049
-1024450
878858
-498106
203119
-584731
-1489027
178153
-2589614
894404
-4244008
-3124830
-4136405
-953346
3179455
-2891383
1161749
-2204492
-278606
-2894539
824525
-2086214
4710457
-1731832
-629379
-2720666
3683737
947739
-1347948
-4753194
-659503
4412208
-1639422
-1415387
4435414
-2204743
4941191
4469262
-3280554
2401331
2898550
-472755
-1099267
-1046591
-1402712
4429967
-4618441
751771
883443
-4491665
696080
1351027
885752
4687485
-872959
4135606
-968914
-2536616
3477439
3065809
241233
1325738
1751554
3109285
-403705
-3155185
-1214725
918549
-1497041
3717952
-2277834
-422198
-414737
1624349
-440584
3184591
4431420
425346
-1499968
-1764211
1090329
2375721
2504802
3616869
-719519
-4597424
18198
1588167
110238
3352534
-815340
2644572
-2843690
-238103
4939088
-216596
1607003
-1381257
745125
-1315514
-1757862
1924322
1645411
3867534
-1233855
4299921
211917
4563806
-287113
-2684957
2011749
-1176802
-1003573
-3648353
4110363
1209090
-883870
1323137
1898991
-4912158
-2956043
1021007
-3900832
954226
-2970336
3371195
-3096281
2014536
-4196993
-3921778
2961881
2205948
3869995
785776
-722931
-2096783
-2970496
-15342
-728312
2995095
223103
-1381103
463148
-2285200
-2889376
90900
-4944507
58370
1431579
1453605
1631682
-4743851
4713834
-2116133
2046456
2800966
2341475
3203407
204864
1844995
913247
-5039
3244103
2135667
-942065
166830
2986599
2281955
1577105
2321060
-1435792
-778857
1820502
230875
1836365
-2673592
3010056
1726493
2292008
-1002401
965042
734720
689471
-2208936
451321
-509868
-2100305
2684861
4317676
580540
-1464962
3433799
757841
1241094
-2088914
3884220
-429021
2756629
4863769
1023331
987095
53426
-2220976
3582584
1786090
-3812334
3248
440484
1434323
1366010
-1922277
-4936058
3488905
-3055843
3335938
1571766
-2259304
-4705842
-769000
-2703665
-2008927
2887084
3491283
-1280397
4984983
-3539397
3185712
-1642381
2564098
-2725296
-556878
-1529979
-448667
3305409
4157056
-1334914
263211
1031763
-2076296
-1439867
2808910
-2133301
-906023
-1326466
-405975
4413262
-1524749
-716109
2116330
1459695
-1661126
2631468
-1973341
1557865
2165960
-3112052
-132559
1990279
-1456602
-2873924
2381043
3615417
-3139005
-2010081
1192488
-1113681
402411
119869
-942439
-4914179
1015555
1241106
4143161
43747
-1356154
3636331
-2672515
1065146
-4806314
1089031
1205342
1612059
1674387
-1481481
766851
2265888
4755857
2533612
-4674797
-122727
339254
4871440
4086148
-2700796
239362
-2689651
4264829
243780
782308
1731035
-2343520
1466229
671672
-1798334
3886674
2011864
-4085514
-4482881
-301017
688114
-461116
1195893
1065317
2381223
1739281
1667743
3781575
2646843
-1332626
-1978106
3822653
-4005513
-4339371
518447
-2252168
-1551242
-3838571
-3379262
-3553231
-1291514
2508844
-2731598
2922522
-2351146
4513477
2816661
-589926
-2367179
4047999
-1040916
4273546
-262350
-3704520
-1342858
-2415998
2593068
-3675773
432190
-3403754
-2046592
1086413
-4888746
-2355489
-2888435
1645498
-848829
-2086341
620707
-1500578
253458
899547
3352637
-45145
111092
1015836
3141562
647497
903575
-115411
-4522795
-4762097
4776224
3467467
3247779
3505507
2803334
2736532
-1144085
-621221
-71947
1585477
-1326247
755065
-2211870
2302879
2799018
214056
2319146
2053498
2676737
824349
2754113
1174691
1907172
175612
2440592
836463
860498
1293163
-3787193
2837160
3073322
-4588031
1192528
245589
-4700413
-1121103
3517463
2359677
3960410
2844543
3583116
-3133087
1080407
674651
-2979902
-3345064
4177849
-954494
-27465
-151117
2690204
-2137478
-3362361
-4144240
-1643858
1740445
832028
4838230
815524
1282526
915183
3028022
100897
1921068
3470836
-897063
-3038153
-2057872
-1264795
641362
-4770152
160435
-4703932
2123928
-3742872
-2868844
-2676826
1982216
-3756689
2009998
-3582640
-3195539
-2360540
-767363
-866906
-2204394
2847184
3778836
3380230
-2547785
-1351023
884852
-827434
2149261
1388888
783371
-4360090
3464768
-4507695
-1394315
-4591104
763520
2036505
-763802
1652651
-3612400
-2715874
-2635353
1681851
-1482652
2983207
-727694
-2878463
-390549
-737860
3059970
1483161
686333
625317
822646
-4355432
1173666
-3145273
3310428
1916054
1423878
-2388829
3422831
3233602
-3706918
167668
1321580
-846210
495358
2755065
-977960
3690756
-2595247
-1198096
1248188
521995
1672043
3811117
4601277
3885113
-2041414
1209530
-3203485
-4242489
2960404
774430
4204640
1755477
-3430890
1592108
2021425
-1903622
2153228
-1864593
801284
-1371356
3008745
4305654
-4536244
4128567
-2685217
3970524
-2627612
-1074988
-2518963
-4258796
1203672
2968334
2166446
3426782
-3891300
-1675898
4143293
1889214
-1614284
2850189
-3863612
4534914
4548777
94327
1899502
-193925
286174
-312560
-2767438
2484084
2538409
3510809
2321219
-3915322
1932303
-2555520
220987
1850587
4388938
14797
4853856
-1236150
1386624
-1884110
282374
-1174511
1262440
2591801
-11440
-50188
-2309278
353643
3904005
2597168
-159527
1798306
2135175
-3097199
-729999
1640649
1886133
-2143811
-2161204
-3710044
1336675
418217
-2608664
-1811516
241231
845363
373055
-1167819
-2078648
123375
-2594020
-2678102
-3118306
-256280
508712
-2478204
2774948
-1125871
-2374140
-2951735
3519268
-2578067
-4692088
4467372
-4688320
1558421
-216547
-2608434
969837
98412
1174967
-113896
-1025396
4595457
-2321605
-1285556
4549917
1830445
3932100
1762083
-1133778
3303118
-3274779
453972
-575559
-338559
493083
-1559695
2712727
2602588
-4209436
902061
-3222348
-4214824
2719559
-439732
-1750745
-3176085
2187179
976427
2365216
3092760
-2150985
3582174
-3974140
-1329902
80255
-464645
3204619
-1217801
-375241
-6630
-3399400
2540044
-2895772
3811711
-2546236
-1808955
2826360
-3712884
-2753899
918096
210661
-1766045
283117
2274602
1896734
3593966
-4638452
341670
1333005
-1928746
1600676
1000731
-2748047
-2471492
-1962499
4086930
-2227829
83505
-2205622
879265
-2542713
3202867
-1570989
434792
-3467669
-3218060
1375066
-595225
4809545
2612448
-2145883
-1832626
-3462496
-549297
149133
184227
1322178
2214693
-3933763
-3358803
2192034
1328489
1066891
1718244
839387
805341
4923245
1311050
447597
4868861
-2476909
-4105290
4638800
-2622736
1568158
965091
780596
1924852
1239554
1208661
-3602869
-3257341
1152040
-3237724
-4203507
-1219449
3557282
-900545
-323590
-3857959
3353765
381758
-687963
-2287760
-199325
1041122
217758
464674
-1517872
638168
-4380529
-469393
1323493
1781808
-3713209
-3183606
909678
216844
3149920
-4117813
-4549903
-3627232
-780892
-4758589
159417
4648544
766722
-4143952
225555
3654582
-3395075
3315195
1157154
224307
4914071
-3963074
1974851
2522653
-1435337
-3762220
1272993
2897348
-1509416
-1889769
723288
-3538122
3347305
1253224
4166641
-48303
-2310225
895921
1523731
-2281194
-1632020
-4921721
3504990
-824034
-4524435
-576350
1234889
41086
-906260
-89319
2082993
3592653
1204776
654763
2362432
3270998
3650862
462731
1942961
-4026548
-267837
1307348
446786
4666338
-444551
2068645
209612
2213150
-1134130
-665571
2805776
171930
-741353
3761954
-381779
-4519807
449465
-2263309
-1223796
-4187078
-826074
3050889
1925732
1784746
2617507
-2461908
-3456726
-3466032
-464491
4301308
-3023042
-2311620
-150272
-3002910
521356
-1861255
-2902321
1468965
2033024
-146485
432105
-109708
437109
108278
1555158
2260811
263715
2676766
3921156
-2899202
1853410
-223
432857
2067585
2373871
-50710
-3446513
-2581151
2083462
-2709664
132302
-4115184
-2038685
191401
3113062
3256397
2870672
1462660
672380
3168453
2705011
-4350062
-1153783
382922
-3283337
634832
1125593
-3063070
2332595
345071
-240901
278654
-1069168
866607
-2438287
-150878
4450290
3120116
684530
-3834418
-2580209
-226228
-256480
-2879434
571884
3549794
1247089
-914541
-1393648
934735
534288
-1670184
-2409274
618999
194804
-60990
2866073
367644
1869495
3098365
-4398228
1806583
-2751152
4152515
2223431
829274
1984549
-1011160
-958603
2302755
-1325120
-2462320
-2858086
-3947830
-206455
2780095
3387790
-2784433
624394
2017683
907881
-1449993
-2515457
75154
4453896
-3663264
1011777
-3209665
689252
1636652
1843029
-822546
1088561
-746013
135322
2437843
29866
-3203129
-4212316
-3941891
-149613
708778
2283728
3104441
259972
3990014
-1364734
4836336
-1124414
4276014
-4500023
656177
3858831
1034315
-954401
4156977
-3139405
2893048
3299246
-1362402
2564216
488817
-2158486
1722273
2663554
-365366
-4291706
3750029
1221697
117930
-3270413
3868506
139370
-3630270
2832054
-1133450
3060267
-1333575
4028980
3495980
2689895
-2092502
3111412
-479608
2025927
2281010
2071285
657972
-1479164
-2550970
-4553079
1404525
1884648
-908024
-1091158
135887
-1310444
-951452
393560
-1690846
-715410
1748485
-3824333
-105417
966552
3075282
2027125
-4766549
3963044
-4167919
878659
-4700910
-710570
-1322329
-605584
1465011
-2390841
-854993
1801806
1856325
2955904
-1114957
-1684027
-2439177
3043058
1214921
-3177594
-1913207
4295611
1387755
-2238566
1533734
435051
260843
-2395216
1657476
-123537
-3972536
-4247345
-1231279
2315185
-1619349
966434
503171
3199716
-1398546
-2953546
-2995893
-805658
3789003
1821063
253329
1627155
-2219650
-1007151
701473
731510
-1739331
-585376
200968
113411
-3389332
4282312
25451
-4131950
1252677
-1947629
2852389
-4615088
590186
-1182407
-764739
1875567
915309
-4201492
-3909421
-1799396
-1508889
-1715908
-1672164
1377351
135209
2912601
296566
-1795885
-2618581
-246477
-4141755
4709803
-1997055
-371541
620168
-2924168
2039150
2282518
3822309
-2922536
-741161
-1894594
1307282
45696
-1991000
3984701
-1048685
4184768
-265291
674504
4225717
-1430589
3672672
1316952
-1427339
-442778
2906339
-806632
317070
-801734
1639633
-2313956
-3639177
-4279557
3259163
4646001
-4764981
1615472
-881029
-1120586
-2664127
2116433
-993578
-272651
1258971
-1284969
-2113382
582212
-4666555
-3566552
-418391
1463576
-603348
72128
2844180
-4270906
-2642868
2624150
2431085
-2604980
1600565
239116
3596509
699005
2515901
235142
-524746
4599288
3892465
-92050
1834108
4918815
4002594
-924152
-1631414
3535454
3931249
1599483
-384066
-2224363
727590
-3986771
2250296
2595298
-4223959
-3446322
2047096
646579
-2485927
1432853
-4512041
1019802
1250161
2802563
1952117
-1420220
-416067
3657832
619848
4568988
135779
-1080939
1223125
2754693
1510174
1476429
-124343
1069322
2105149
-2412359
438878
4262343
-1465765
2103992
795800
3228970
-1496711
3698928
544458
-188848
-2963293
927629
-1090688
-3429912
358808
1207448
-4463371
4510054
1560212
-4159051
-2108919
1581081
1957191
4874131
-838545
3843335
3847739
-2612884
1531866
-2885617
2679243
1095335
-3436104
-1419942
-4686675
3896706
2198084
3707496
-1986881
-2799901
-993378
3904654
1431956
2882520
-620943
-1486823
4884939
-2008738
-2862759
622571
-1958136
-4188675
1257672
4408695
-1864746
4380613
-4983659
133673
-920310
1298919
-2392399
-763492
558879
-2055972
367460
4801838
-2811411
996475
3122172
2529741
-728397
-1871286
-2471014
-909587
-1133462
4211665
-1713671
-4156577
-815748
-3152405
-2670365
-4614914
4631293
1805445
-953096
-1917810
-2715048
3778375
286222
677491
1997966
2331673
543329
956972
-1294665
1961942
2395944
-3068777
3629316
-1053902
-3946768
-512575
-4442737
727738
1346367
-1163170
-601497
1248707
721052
612349
1601140
-4559171
-2110647
4864130
-394618
3514619
-2025802
-487163
4018318
-520627
-324696
-2134430
-3423006
-3945125
-1362140
374501
350867
715936
4289456
-419408
-4151790
2187931
992659
-581427
1535679
1004490
1587915
-2140252
-199817
2876786
3192143
-2017165
1820691
-913516
-123684
4850515
4604332
434958
1973894
1785045
1634689
-1589751
-663205
-4123436
520579
225208
-3135224
-4040900
-140035
2530756
-497719
-1089659
1575580
-3253018
-1391671
-125522
4711101
2068218
-3438059
3199460
4982754
2198279
3068458
2485041
1340616
1645555
-2178998
149559
1030759
4251457
-1381754
-623854
-1098985
2500996
-3791152
-2146821
-15812
-3083186
1568726
-1966931
492079
-2248080
-909392
-2466145
3462307
-1303755
-4915616
-2231306
2366001
443583
-1964202
3707902
688158
540669
633661
1630058
1446442
2954549
-1534979
1051206
1716750
3550676
-4345891
2714693
3085850
-3420396
3824994
1774646
4095921
-142986
13066
-2752941
3171721
671523
626610
2026717
-1849646
-4970702
-3825787
4810745
-3525355
1932716
-2580289
605315
-144159
1316167
513484
774287
3192009
789586
-4919642
-1532654
-3377427
-3105081
446467
-3178240
951621
2758272
3142765
1859718
-1320168
1740982
-2115171
-2145970
-2222093
-2415890
-1745946
-3421292
-4027633
1477491
-1396245
-4208694
-1482971
3005403
2880891
667808
643135
-3690678
-2189507
516019
-4265603
-1774797
-2496880
947168
-1606582
-3314475
1859051
-281903
307332
1798461
-200192
3945286
-2007464
3046580
-98724
1338512
3442973
472510
4760301
-651270
6004
901559
-3899501
-1195982
-285889
2224321
2353758
2274154
2743141
-1492207
3648840
-518813
2026597
-4141014
-2993038
399611
3800050
2581976
206877
569022
926160
-914298
-387226
-3497722
2029099
-2962985
3606882
301892
4372871
118610
229051
18631
-1108994
2159249
-4061454
2619909
-1687107
4714694
850008
1825160
708577
-1441282
225444
-261679
-1915278
-437232
-2706020
-2702645
-2463009
4229706
924468
4915928
2564233
-3038320
-356529
302505
-2058122
4553085
2602890
-789753
-875619
2531779
-4842906
2655283
-3995145
-3758712
3823214
-4720788
-1336543
2665006
3123255
-894218
-4732095
412943
-737491
-3041505
-4602234
836788
-1927121
2547014
-1403015
-4521766
-2005091
-4177307
-1340033
-853570
-4704288
414537
-1842260
3625143
4391713
2033257
2107446
4907468
1141224
-4051638
-3033081
-856327
485503
3048546
723442
1436103
-1279929
1123662
234731
-2989579
179079
4354797
3503681
152201
-2478419
4041318
3717005
-658607
-2680939
737707
-403386
-1133708
-665814
2519882
-1411096
-1092378
-477518
-2308381
-1893444
-683980
-3006735
3642526
2273328
-2605028
3063979
4546178
24986
2083486
-1316036
3922623
-3308223
-185447
797253
3943680
4760402
-2408332
3401938
-1599047
-231414
4385734
-246422
-1030982
3011232
-3294665
615668
619582
253167
-3138129
-2043694
-2776231
802039
2948673
4851897
145893
-1063103
1256716
1662712
4973765
925736
4185607
651576
185974
1224241
-389276
22100
-2573812
-234120
-3842400
1521758
1876749
682598
-2584166
-1250400
2885484
1459602
3408248
4436482
2537445
4960964
454847
1663060
205483
3107950
2695967
3030226
1086660
3692218
-3623505
-1009787
680024
-3288829
2920999
724240
-4026589
-515905
3847390
370166
-1823428
2418406
-4680144
2304378
-2909247
-216108
1933934
2885639
3665731
-1840880
518026
-73357
-1684536
-1418127
-1570291
-342244
4436007
-1578485
2023098
-3264692
2703525
-2498754
1271472
-4227559
2613336
929239
-566294
1423616
1959597
1776507
-310840
-1889659
3207171
-4849850
-4092418
-694693
4400209
3165977
1726082
-3183026
2028498
3190383
2661036
-4953125
-1981965
1378396
-3614533
4088930
1918982
3593119
-1339571
-506362
70672
4737464
3155647
2034319
-4595691
4826971
-1279487
967221
-765556
4310486
-3462022
1675730
-1479361
2730570
4952365
-1303880
2402021
-1186332
-1331184
2574358
-1193265
-1090503
-1810345
2276358
2949770
-1982670
-3082028
3451568
4353148
1225852
-4021132
4260820
2228957
897595
-2326901
3598319
-1933346
-576100
153582
-4524072
3084700
-1458338
2012424
-1541085
-587083
4708309
2643086
-642451
209651
4775116
336165
-2692353
2302895
932669
2972355
3459228
3522812
697200
685898
-1509927
492204
-1000580
1168082
-288609
-908540
-380408
3129489
-1332686
-3315137
507729
1397068
3335689
127346
-1366310
-1137474
1634328
-4571519
-2786938
3665630
931880
4997453
-1605344
722286
-243508
3053538
1438252
-3463637
1936317
2755901
1612045
-1143853
-779471
-3002480
1825619
4907865
-325560
-3277590
-1297583
4691253
-2857981
2460470
-3536390
-47247
1659837
-1193178
1909504
544028
252988
740859
608183
1662657
-2383048
1637008
2705370
-946428
272983
-297064
3304547
-3376227
944802
223653
-3386567
193338
-3432985
1323206
-1619301
-2044553
-3769935
-1193851
-2284539
-2387976
281345
-605259
-3616338
1208669
461405
1552583
2190321
2970545
-4937968
388475
-3881478
824722
-1629047
-4845496
-3997643
-2166060
807012
3805471
561607
2955790
-1217817
3510728
-1721313
-2803316
77378
415842
1783729
2736608
2135377
1760336
3985783
2040381
3193689
-961358
-2688166
-289708
-1054001
2011155
-1005152
2348164
-736294
3638110
-2171407
2412137
-3448101
-2760353
687459
100976
2822397
-2157366
2054339
3178020
-1345270
-863371
-22846
376444
2602230
-2641387
3014670
-4702530
-3104831
-2185007
452169
1687033
25971
-1968223
-1432153
865113
795427
1539191
-3033927
2512298
1544259
-1760655
1128283
-2737804
3229324
-4032360
3486143
514260
1178868
-4507655
3572363
1281730
-4466098
-1336862
-1551455
3399297
-3436667
1718249
4694584
3760802
-225146
-3492998
2410017
28662
2711960
-830019
1792002
1843683
-1367206
1896309
-1511085
-1122188
-142170
-3754532
4494779
-178951
572994
-1986891
3036887
-241338
-364081
-290145
-4633862
-2750177
-236961
2883434
-4781870
2075368
-1513487
411000
-708977
1607403
6890
4045701
1823494
662073
-4911018
1682683
-1871149
3274313
516249
460520
-68632
-525185
2906330
1867025
549445
3771377
-2540139
2495171
-3594697
1662483
2717433
3865759
-4100389
340392
-748795
2748321
1142253
1702299
-768318
-670111
-1912133
-4135723
-1508502
532934
3376863
2247382
1625198
-4606252
2757624
2107451
-1509678
-69683
1212925
1480796
3535933
-2568343
-3895021
-2742266
4370170
1579081
-1996397
263621
1035645
-3795099
2632812
2181080
3284661
-4539653
4601865
-1913061
2702822
-679257
-4602767
1813861
-3795860
-274820
-4115094
2055957
1141230
4804145
2137733
1754878
-4187218
992574
4660233
1355522
-1420384
2628325
-2021824
2979357
-1144337
-4425089
-3257847
3516677
-3686233
-451690
3287701
-2606135
-618875
-1052047
-4608861
3627151
-1902950
3671865
3035808
-102038
663529
2080636
3361846
-2046787
783404
2172112
3243409
1677951
915180
-2129653
3706918
2529644
3089816
4330964
791300
-2500463
2179522
4773737
693299
-3772402
3435747
1477872
-2274384
23026
-1080932
1974885
-1021255
3702545
-691340
3479049
4519082
-4453500
222672
-723203
4105199
4482644
-3370017
-3833010
-1190951
1081173
1251028
2425074
4192131
-4037124
-4737560
-569789
-3972226
-514169
-3156206
-238614
3616728
3674361
-2150129
-550824
3150591
-1608564
2880440
782675
813912
3561268
795926
4233745
3396284
3639885
-4677525
681412
-1202554
-3344137
-308332
-2774839
1766267
-568952
-4014343
2465189
-2120437
2047812
158332
-3735775
114913
1707857
3248547
-973104
4414684
2439275
3035569
768594
-3087806
3586220
-2293868
4142393
1478142
2885772
2048879
-4286370
-1109419
-1556916
886753
2133408
-2623720
1041436
522304
2665167
251764
3074015
2110443
-2281634
679349
3197638
-4148336
-351369
2524674
2470436
1986554
3834788
1735008
3139638
3642675
-354960
-1473828
-938160
-2789668
569075
3522504
3293949
-4327145
-414510
2236027
1225910
303149
-3595987
2295525
-244023
-1948444
-1461636
2517491
-3463371
-253280
-2139605
-2936307
4488197
-544961
1200518
-3440147
-3649753
3417664
-758944
883121
617446
1256552
4126769
-1828299
-2031623
-4454308
-2643921
3798855
-2132817
-4582748
1829098
517344
940314
-115237
-1968689
-291303
-4440458
1729513
1281507
3373350
1842008
-1657325
-2876331
1225308
-1524998
-1266560
-2824235
1153487
4146446
-4330577
750421
-131570
-181042
-962365
-2391102
3514669
4411640
4145997
-2356057
550379
-1207224
3566364
834017
3660036
1274290
3697905
-2027967
-2392015
1264808
3905685
2164173
-2056234
-1004250
-3597453
-2372730
151251
1418709
-3386706
-2586831
296517
43716
-431988
1217954
3722223
3376004
1900339
-1930476
-2086829
392541
-1646075
1973243
969785
1791905
303752
2032946
2888317
1317589
-197555
4870018
1992643
-3730421
449585
-1783112
1105251
-4894817
1264040
-194160
367395
551858
839793
1053470
-3130952
467863
2674165
2885123
3755040
427913
587966
408357
3451806
-2895716
-192060
-1993897
2181413
411318
-1786822
2381863
4503257
795589
1607041
-26696
2675362
1551265
-400006
1727841
-3996337
4140713
437973
-4512418
-1456643
3620517
-1187389
-1758885
4828906
1937597
-1264455
2742662
3419613
-6499
-1069326
394343
-3081915
1304748
-4782978
-3606071
253266
-294469
-2610397
2592411
-2519663
412212
2077650
-4462961
-1304356
4595025
-3462382
-851489
3560407
-1278230
3338518
244606
3592624
3722252
-3316779
699512
2385367
-250535
4116945
-4127763
2196070
-1616439
1794926
300554
4992276
2443798
3777711
-2620118
2223964
-4799626
2248024
3382097
-1108448
-2636287
-2956728
955811
2920200
-577306
-4513495
-3220967
-4691531
2770140
-879003
723440
2258012
2822840
4826517
-4878954
-1097921
2406603
-710084
1693547
-3841255
-376335
-4076927
-409505
-2068086
4742177
-1957872
-1003184
1536222
952186
-1419197
3829670
3746874
786474
-1164882
-1051692
-1688861
-3229675
2016889
2803129
-4538675
-531908
3990565
511374
-4443891
-1320605
-2147842
-1645288
-4828620
1060053
448100
4860573
331880
-3445340
-3708463
3336489
-1018607
4724842
123823
690133
3946704
4893114
-879218
-1592515
-439971
109740
2300949
-1755133
802752
3333362
921304
-3063892
3794967
-509742
-1184073
1483520
-3297479
-2856865
2612532
115941
-4716420
3733967
3292933
515693
2468357
4000032
2307899
1532903
326295
-4978416
-4008184
-3457855
1856149
-385766
-2738398
4335927
-1910723
-2826066
-40432
2121299
677677
-4262699
-114136
-2930516
-2350025
-1374522
2787092
-1398247
-2027019
1123760
1497452
4996252
2187558
3265292
3004589
4800369
-2292486
969392
-1923200
-3443283
-1604468
4370379
-2255989
-2597414
1640695
-4293455
-706183
2523113
-1707905
-236398
-2154210
-699446
-1505826
-2178924
-1696708
-2948582
-206728
1551894
1661873
-1406885
-1230550
-4168052
58416
-4480720
4865677
-2315968
-3374591
1721589
-3711957
-906852
2061791
-1860077
495563
29211
700015
-2153376
2577243
4172261
-3394544
-2607048
687152
-1295293
722275
4150682
1461240
-827386
4279221
885671
1701060
3199389
2949510
-488777
-4372868
-881866
2796367
3292993
3665074
-167784
1810505
2760521
-1769388
-1920867
-4127235
-603392
4013521
1444106
-500141
4535595
1518662
-1501317
-2029361
-1011491
1922825
4570912
-822518
-1850762
434281
-1418509
-3083245
603816
191393
1307446
-1314674
2577619
-952250
-649123
4771607
-505993
1268768
-4521095
735077
-535446
-1656810
-2942517
-2999838
-4324536
-2774545
-26481
-786665
546253
-417917
1258402
-1130996
2515355
2672686
-2934203
-292787
-3587815
4702661
2595213
1890392
868805
934968
418158
545787
-1996739
789188
989308
-3502465
713882
70877
304220
1455140
-4787908
4587807
-3962104
-145337
-1736437
-2511036
-127951
-2460600
1592996
3497903
252768
-236653
-4894814
5970
-1848805
-209628
3190899
-562732
649675
838632
566249
2655849
-2191600
-3469778
1628964
273809
-4457149
1232680
2681596
-1829907
2558748
1909920
-4452062
-3797170
-2797757
1717513
-4136703
-1684225
-1979081
-3064890
3371492
-1712193
-532590
3089949
-2537435
-1112385
1261153
-2568506
2339652
4177745
-3246926
1788967
-963417
1850517
1795764
-3170476
3604930
136688
3443889
2836109
-4651963
3811088
1278767
-684816
-4786841
-1580082
3631570
1162246
2752517
180479
-1247594
1456433
4161181
-2517416
-4592946
1867395
908486
2698680
-2620766
2939842
254614
473386
-1126993
-1284004
909657
1980295
1005156
3689377
4568133
2324260
-685751
619138
53182
3483189
-779517
-87229
-1046727
-3774994
-3144078
1345394
3269002
1123621
-4264479
3765089
530607
-1578593
633763
-3264429
-2893649
-4090592
2198873
-1832880
-4371370
495022
-1126158
-4402015
2729319
-660515
-2077255
-798300
-1146013
2406305
-3739581
1813246
-458326
1856060
3410698
2375639
317234
-1184254
3162294
-2867512
-1234770
1999848
-2320146
940099
-3321898
-2201159
2261768
529966
4480490
-2617128
-779241
-4017892
3058489
880843
1855059
3845531
-2944726
3965121
-4441502
-3413448
2218977
-2988336
3293816
-1495346
-1349239
-4411505
-1290400
3761238
2325048
1996459
-1336990
1855102
-4962741
-507072
-4811957
548700
-2136954
4227208
-1277903
104610
1509136
-1491025
-112057
36358
-1821011
-4855901
2375443
1678507
219742
1797154
496358
-3918336
-1223773
-4228262
93855
29403
-3218444
-4455224
-2819994
-2331183
1753859
4606141
-4031833
-3356437
-47286
790707
-3403746
2731378
-4113807
-1922645
4286415
145121
-215637
1251240
-524473
2236803
-452818
-1774069
-2025841
-4701335
-2498548
-104040
-686295
4489454
440907
554211
-1631674
-4014455
-2079435
1670594
3625709
-1814192
-4890684
-4908171
-4347043
-1862804
4402234
4916483
4237001
-4751470
-3904640
122462
-2269405
-938229
-1186976
-1253723
1925044
-4028458
-2138370
-4160513
-3298965
-1738741
2681553
-2451656
2146263
933249
1075886
2383280
1622555
1424748
-21755
2648159
13315
-42989
-4068267
3246635
-2114254
1304961
-158632
-2567797
-1678720
2580914
1707089
1451568
-4097716
-4874923
560
2880661
159191
1985656
3219448
2727075
489612
2936984
3170391
1129584
-433880
3031063
-4944291
-1879230
357445
634332
-4301843
332859
-2034799
-2380242
-3437338
-200541
264155
4314413
4221199
-1623291
-2775209
850231
1725434
-2947
-2950643
-2361893
-1226344
-650666
298523
-2585830
-3263353
2435204
-2446720
533929
2912371
-1424271
-2769996
2806585
-3029266
-2665925
-2516661
1248078
-2422575
2897093
-2997886
-1324865
143325
552486
4813951
-2057178
1638412
2769944
2782655
4119998
1072319
4771342
1147609
-3753088
304499
-2591511
3932315
1087219
-156659
-1373716
3167776
-823441
3941065
-56070
-3641959
-3333737
-1550101
-2481300
3820875
3488637
1566920
791394
2703474
4577289
-1848894
753009
3487537
-2691514
1329677
4223894
-1871844
4167582
-1307586
922680
4151198
-2974332
3249945
454302
1738984
-1668476
2229241
1801546
1514023
541455
3732118
4059177
411161
-2413642
-1270264
-2848098
-2153802
146453
-1932803
386818
88733
-4038173
1716440
-1358370
627575
1391908
2530047
-2982215
-337635
-864482
-4010674
2396836
-1721014
-2094606
1878349
-842968
255741
3615262
855382
-3483548
2304429
1231501
3109852
-2596232
864541
1167981
-4607063
2925582
-2665041
3084430
4503258
1809023
-4258679
3370900
3656964
2888080
-1134794
2965531
1787821
9893
-1010440
-2250743
2898350
-3036252
-4504988
-3159256
-2978567
-3411238
-468505
-2945341
3445911
-1348505
4608393
-4665759
1042518
2933959
-166148
4768450
453305
4689360
-1213201
2843848
671168
-2990666
1636434
1731063
-3492952
-1979486
-2697644
3462802
1051157
-888509
339441
-1971533
4749558
1331899
-2756597
-2974895
-101491
599626
4237733
424883
-1727166
-116789
-4313355
4294378
1651037
1549347
-854865
2889854
1502833
4089132
1433538
2126732
2134718
-3653771
1251441
3025222
-1460981
-4171062
-3702604
1386033
-802620
1307643
-632472
-399826
636407
-2662
907809
789582
-369290
-3745866
-771805
-3043228
-2591095
160747
2876545
-328194
-1334496
2622303
3312518
-3067408
1565509
-2168908
-730619
-4048017
2018638
3914409
1461980
-4513264
-2695794
908972
-4977673
579641
-1595987
752139
-1143238
-4677675
4728504
-115143
-446913
4136007
3331035
-438056
960413
2428581
-245304
-4916261
331712
-3699457
968275
-830049
-289541
-3717416
-63708
4932529
-156770
1381007
-48248
1358012
-275509
955158
2636429
1064820
-377848
1809686
1348757
118342
3056954
654044
1570669
-437686
476031
5295
2626554
1590310
-154539
353344
-1793065
555688
-1881941
-438698
2568453
3506151
4218330
4314033
2796392
3084322
-1884747
346782
-2113053
-456011
-2936422
1620707
1225534
-979075
2894862
-3356931
1314468
1777841
925421
2992031
-1700022
-4892402
1051248
-1033938
-2002839
-1331420
4289415
2069089
-3923236
2882220
2747999
260709
-1217891
2387688
219759
-252614
2935234
-4266840
2848778
688007
4321542
1727057
3385002
-3414428
-4277682
408817
4017467
-162616
-4954349
-4213142
1225858
-342140
2173436
3512724
-2374426
398185
762459
623564
-1180413
-1435162
-2591773
-1415137
-246091
-577055
-2036729
1234240
-197104
1830487
-4052156
-1586980
-870421
376033
5279
-660137
2027924
1174844
-2638317
-1598517
-551612
-1281082
2713520
421158
1159254
-50147
3904885
-382484
4778862
3746042
2687950
2973598
3789108
3598354
-4082835
3714886
-473104
-3546215
-2465090
-4016484
-1110648
1150119
1898638
156749
3653447
-173618
1572323
2106373
-4423109
3440694
4678372
4996740
-3425372
-1036438
772628
1038802
-2137475
2420029
1462546
3909798
-193185
-3218230
2305844
-367673
-4025603
-486020
2355130
-3079440
-4896614
3019389
-738073
-2386171
2922024
1957927
1788525
1675746
1355110
10887
-4307856
-1188298
-63963
1915844
4514672
4381774
4884146
-250341
-273265
2298397
-2509331
-1148280
4627227
-1906955
4471886
506050
-1522041
-31959
3857349
-3793362
-813684
-3007980
919104
834912
-3175971
-4942056
871197
-4416880
4908202
-418773
2327154
-2875092
2089786
-74113
4428183
2860109
-4675669
211450
-1727269
1124331
-178530
3772798
3067719
-3138729
2604398
-2335836
3518036
4618652
814416
-3295982
3849707
2134512
-213405
-1065055
814111
-1239840
-269034
4594097
-4432054
-814081
-4112221
2638763
-387098
-535167
1130130
529315
-154156
230718
-2563718
-2850234
4831514
-3357974
3027587
334248
260833
-1309164
-1346921
1799245
-2575586
249461
-1244129
3230743
-2673870
4962819
-868336
-1027121
715427
215872
1099963
844234
4400505
2603471
-1047133
-1233792
2005995
-3850110
3665590
847325
-963255
2473708
1020682
4474029
-3136485
3644048
614745
319843
4044821
4830664
-1398277
886306
-4668113
-512729
-3295537
-764597
3509202
-4822754
868215
1534907
-3331300
-725794
-291217
-1530473
-735503
-2263667
3541854
2360155
-3738145
-4108320
1796843
-1591452
2897804
385969
180845
-1092875
-4206122
-1057312
4902762
3178928
-1826132
4651016
697078
242635
-1814887
1729297
-2424400
1761499
4334634
3071390
-4721928
3717792
-1720976
3669738
2520092
-4247049
3770258
-2339199
2689207
-4954880
-1269389
-3048233
2150147
-4118164
-1477376
-4884242
1399820
-125081
619879
3445365
-591628
-1429357
-460734
-818917
-2249147
486954
-553064
457826
3675506
3945187
2368825
2723974
2982775
-2516691
1569753
-1751292
-3506873
-1007876
4263817
-278521
-629357
-313638
-4542039
2128300
-4686415
1775556
531688
866246
1665911
-477710
-780639
-1703014
-2294230
2600069
-3025339
552103
-1712633
2795829
3143886
-2462025
-61747
781996
-2492071
3731127
4271113
1240412
-3504320
-3750938
1125444
-4728430
-2832273
-176705
-4560010
2308863
3150098
542205
58857
-4376627
1111466
3968280
2133027
2835717
1045196
978180
-1652817
2415846
-877176
-1123451
1433386
4252516
-145525
-147241
1678894
-1560718
851492
-2693129
-1806351
4516886
-1141899
3681442
-379180
1295817
-1639314
-2534852
2022656
-1634409
4321589
-1129588
59160
653219
-3273314
4663729
795267
-4815667
-1876677
-115483
4326194
-3713406
-1474770
3919516
-1136759
485761
-2671228
1484882
2161659
-3714643
-269777
2542423
1391116
483117
-2905094
-3128204
-2666426
-1238887
1781886
-2934497
-3377042
2362103
-174400
-3780293
-3336888
-2723053
-1761529
1215381
-1300048
-749197
-574564
-4776857
-1913262
1445000
-267993
331761
-44610
-335250
-222027
-3920452
-1869570
3422846
4296307
2090317
640509
-1121613
-304557
2678568
2400966
-159543
-1704709
92128
-742592
3964646
3614596
4807191
-2714913
-1031345
-1422128
-625559
520293
-190411
2003872
3576299
131035
-142228
-645445
-2378758
3152101
-618240
-2515780
623764
-3329279
1730319
3508644
-4212251
2661589
-2403201
-4176643
-3295843
-1084689
2784591
-872418
-2229619
-238739
1403891
-661811
435195
-3039028
-2843276
-2102050
-3178115
-2814480
-4756414
74114
3338028
-1404992
-1852776
2749527
2679538
-464780
4771494
306187
1115769
-1131315
-1376689
3314191
-2959651
3278108
-757870
963616
2306130
-2999552
-1643847
305279
613991
-2889138
-2420434
-307230
3894097
281223
-538893
2828576
-3798687
-315628
-1184540
196057
1167679
-3643799
1990052
1356506
1664417
-3304684
-3652985
2332571
2404350
3573923
-4446984
4524963
4304925
1821298
-1003727
-2458504
4272555
4363213
-2279934
-4277309
-4061108
-1237197
2376155
1235038
-327938
-4681133
631387
-828491
1900499
-3756273
-715596
-4843339
-4858144
-469776
1429188
-369307
4614928
3860621
342296
-1653390
4832149
-104361
-4873471
-2007561
2528214
4447625
-3804891
420785
-750152
-4840433
355086
838661
-1289203
-2321684
-125907
-113615
-2357297
3321977
4967248
-4121874
-1443756
-2487214
4140707
-3934930
-1875109
-753350
-959513
2363670
-2402290
1408580
-683013
874516
-4293456
3791053
436360
-2516965
3737890
-3342336
3684413
1029845
1340150
1154501
-790336
-1113934
1480004
377473
-2030924
3277239
-3453917
359090
1597799
4090285
832300
1396825
-1405983
-699596
-3079805
-1309292
658644
1278700
-2783617
-1817020
-1066417
4267202
2602055
-1968296
-2039277
4804811
209858
-4671014
-1329310
667431
-3780399
-3918640
4358847
2089028
1930139
4391423
-2981479
1031759
3094808
1965002
-2808481
-4113541
921477
-792914
-1161515
1238362
4460212
2389622
2692629
-2687614
1036445
-187892
850627
2147275
2784101
3782219
-4217523
-833248
3855591
-304794
-2569625
-469405
2533472
3943424
-508535
-583247
952352
-4062154
-1444021
939245
819363
2774840
1223773
267722
-838586
-1711372
-1500998
2233111
182664
-1226103
-1093127
-1220260
-1042940
1608185
3748293
3136002
1624574
-3903031
-4404718
-1246667
3083120
1020013
-421055
-1132880
4687737
-177716
1787638
-2554971
251552
3725623
2945017
-2389538
3572301
-314722
199324
-2297898
-575000
1105984
-4788045
-2502546
281461
-397127
-1522629
1507399
1645374
3903166
231254
-2405294
-1711863
-3769953
3789755
1379610
1643185
467834
-4145713
-330517
-785500
-3952566
-2980610
-539837
3586646
1270834
4742026
3483970
3222996
-4966772
3013020
-1006751
2411580
24405
3052638
-4805192
661836
1363231
2557872
-765655
-4198708
438930
4803253
3873118
-1523806
-744306
-3590117
-2847529
4033575
-1243772
3243598
1456606
729769
-428810
4892020
176529
-3502467
-1096657
1791752
2346521
1323923
-2140830
78874
-4953150
112437
1474763
2813289
1883856
3623642
2432833
-3582302
1867487
-1180410
4890979
3316976
1736837
-392904
2117724
1283990
3169229
3881466
-2232567
1508371
-1173534
-3968861
-19848
-1638743
587184
-2339044
2789193
-930411
-2467284
3059097
-628213
1624317
2267956
2629175
138491
2818570
1622619
1949747
-900225
39715
-555891
-2366794
-3150410
1076121
2503632
1451942
1172256
-1205763
3041642
2474830
1081735
-816914
4576450
-132726
2338890
4878579
799192
-4197640
-1475781
-1608447
3705040
-2042283
1915710
2612581
-2757454
1836306
571824
-1828315
-3072152
-1530697
1122401
2169680
802980
1912170
2176869
4446381
1956140
985195
1697894
-1976954
935982
-4946
-225711
-900673
-3605761
-3218660
123159
-2323375
3695547
97465
-2004488
4574729
-57735
2333661
-979483
-804640
-2378751
1009711
63217
2950933
-2316502
1890675
1965852
-3464556
1775963
2364501
2098131
-2479450
-2196039
-75977
-343146
-1870576
3266548
4638105
-1073536
-2619706
-4334686
4848688
2308705
855107
4975574
-766135
4787765
1392189
-1113535
2368525
1811485
-1806537
3347003
1445195
461438
-3136453
1193122
11534
-3118369
4280907
2277786
1931971
1798822
-555027
-3782238
-1185029
2640366
384813
-3985715
3855271
-1870418
2629706
1628725
2370150
-704543
3158192
2651367
712023
-747449
2416665
-4069519
1832718
256456
-4048443
393572
904547
4543272
1952662
-350049
-116659
-550345
-2070643
645437
3035644
872476
-3186034
-420983
-1955730
-460580
3294928
-3008576
-3863961
1857980
274255
1249926
4199364
-3463416
-569264
486457
4078655
3843214
1100590
-364923
3053483
-2679345
1731316
-4050243
-824704
3167681
-85619
-3701237
-1391773
1057005
1246887
4329827
3939477
1058873
4001675
-4255639
992201
-2451430
-35895
1699569
-1222215
907986
2459241
-3030717
3169477
-2263552
-4603797
3305932
36135
500198
-294457
4287727
-1341345
4146482
3248996
1518919
3248859
1880435
-2927710
183369
-1546164
-2176057
62519
-1876627
1757218
3971121
3532676
-4713471
-3286164
3424469
-3192639
3385873
-3255435
1614467
1354297
-139070
1118329
4644346
-953482
-2679968
-1516595
2817250
4150420
-815767
2079697
652026
1494750
-2317615
3654748
-1734414
609187
-3069208
2486399
-3909643
417717
4377860
-4024971
4376192
-2159365
-3792217
1213894
2692170
2282173
-508117
2521651
3836550
618080
-98575
2749552
-3410884
-2656065
-2328593
-1415398
4443536
-697026
-4387923
-2831815
3832609
4883840
-4174779
-830301
253519
-830230
4235760
-3310725
1685729
-1096859
2557227
-2275326
-1397860
4649345
-2017894
-2205739
3742911
2618081
2479716
-1494203
574193
3118348
-4244147
3331434
2163782
1963416
1544637
-237462
1092127
-1071476
2810975
608312
3360749
2223981
979587
2468475
2574119
1874699
-2371830
-1831922
205592
-1476650
1404877
-2746272
-4265804
-806587
-3359840
-4468595
297837
-2131077
-439726
1525683
-592371
3022528
-3542439
518468
-2983227
-1398933
2646461
1570821
-2129667
-3116063
3152754
1083965
-3403788
-3978640
-1358009
896098
710269
460497
-867442
-3908021
1463077
4627676
183011
569950
-4625118
-1287107
1882215
1786821
4331345
1331647
-219532
-1458793
-1262196
-3599229
1069858
-948006
-1754360
-3271377
1133785
-4690404
998458
3740918
-1421179
-3465679
-297973
121596
882618
2681951
2571428
716885
-1819959
2531824
-3123887
2703042
-1282167
522913
2731787
-4475835
-3791374
-4122128
3343517
2529705
1266926
-2493240
277301
-1661257
3144045
130219
-957424
-2090112
-1440867
-181225
258080
-230871
442068
-20026
4429472
1767450
-3720940
99431
4232190
1623936
-2483527
-2115279
2369587
595162
3448759
-349598
1212551
-2079526
377164
-2216339
-3440772
1040898
-682538
3770627
-2385993
-829973
1924875
727665
626155
-332632
-1147659
2655635
-2518459
-738777
793047
-443278
2687233
-2599966
-4765938
4042670
4043185
3876909
3913294
4237438
4515507
-3789467
251882
1359923
-2912604
991380
870230
490459
-1214607
1212927
-3927933
-1818627
3601035
-3577091
3291777
1314781
4124215
1457821
493757
-3400975
626105
-554451
-1758152
822426
2355906
226679
3765180
4128801
2054693
-2971740
608854
2272684
4431873
3373939
299100
2625195
2548924
923709
2747760
1055518
-1078914
-2506634
504293
-3529470
976186
1156944
490195
-2954326
2258657
115469
-93137
1779639
1195459
-1086106
3500101
2285267
904089
12866
-3568349
645958
-1336168
454671
1625873
-1852936
-3910473
-521546
293353
2541996
2348302
1741734
-986511
-3715400
2618190
-1945496
-3646398
1542261
2584438
4165273
1663235
2359767
1280483
1318180
3346449
2840552
-4303575
-2053172
524055
1058649
-967259
-1794285
4139288
4826453
1671324
326075
4917458
-98543
-964122
-977323
-2183241
1953737
2148471
336923
269276
-2143624
-962657
-654743
3142889
-583236
2506846
2758687
1284146
2003931
205991
-3291108
-2145876
-3693594
771134
3801973
-2630194
239561
4574532
-4154274
-2135757
1313997
1780729
-1287579
414637
-285692
-2214844
-907424
3663972
1643226
-2925420
-376285
-2951956
-3181713
-3154535
1091372
834014
2128500
-805534
538744
-3389595
-3535537
2055915
-2728365
-1199920
509572
90536
2351485
-108825
1013682
153607
2205181
-3993185
-3393258
-485445
-334099
2801973
1339227
1204449
700569
360300
386335
2899762
-2437912
2574979
-518098
1082761
-3149161
-2998084
4135981
2471994
-1947155
764176
4105881
3278592
893027
3999610
399652
-4136262
-346883
-1015943
-2758486
-3479188
-4023757
3254268
1132377
175095
-1354339
-2238800
1684383
-2775668
-1012984
2299873
-2628448
-2443547
-1126298
78978
684317
-2827965
-1656601
-1416625
-1895132
2734935
4232811
1860325
3005241
-760295
3320560
342044
83791
3876721
1516879
-670515
732973
205229
3895100
4484322
-1488956
516793
-2294911
394750
383005
298395
-3004854
2416673
-4443243
-3858604
-3286705
-2671783
880331
687242
2223819
-4127636
2778266
-338865
-1520006
1678167
-727568
4733354
407960
-3356725
2066094
-3394554
1383392
486966
-1626171
290063
-3487900
896886
121571
-43146
3141236
2183663
2239380
-1255612
-3101011
-2125011
4702226
-1121032
2727498
50195
-4352224
2557566
4655111
4992988
217991
2717847
65896
2054401
2670675
-4099081
2632608
-4648147
2616797
-2208398
-2204381
103295
-2591888
-2389854
-1616770
-931698
3128616
429473
-1039175
-1631843
-4438061
4319837
-3125060
-3690871
368812
3550063
1563590
3021602
2081504
1810865
-2931957
503346
2761463
-1207803
-281137
3446936
-2519387
4424277
-2566894
-2396893
-1066115
-615509
-2513643
-2538320
-2602751
74630
1247008
976445
3214598
-508516
3773277
2454321
-334951
-1034571
2429719
-1047868
-4076040
-1331332
-1880561
-3235083
-3699399
1663238
-2797164
387795
389961
466493
4562997
-4601535
-1755549
-2114552
4165894
3073660
4515652
107728
-2732503
-4882208
1208496
3907621
-3723361
4085604
-1958179
-3818104
1873637
-831509
4605154
3072129
-697346
1628843
1106386
1455550
369267
-1696086
-4071095
-1916601
1255881
-212519
-2858997
4753519
-2376743
2883690
2569422
4667373
-22766
-1876823
2316250
4141571
1733795
-1171289
3798676
-1001317
48377
2016157
2370287
-553786
3214197
216625
-353484
4986493
2079888
2873289
2168691
1826211
-577477
913295
-2417167
-3985451
-3179053
-3941630
4114339
-3331644
-3910436
-855896
1107302
955828
-141788
1636999
365407
-2002506
1178146
2767038
4950412
363228
1521224
490661
1823549
-3815249
3499945
-965704
1950698
-4113060
-945670
2181993
4840429
2065881
-2475757
3112957
2211759
-1308024
3626037
-366615
1040183
522973
-4809307
2061631
-1182465
-160408
-1202715
2537805
-3348091
-1259594
-3274754
-671333
4365284
833797
1210312
-3445464
-1444445
-4372485
468268
3386715
315349
2244954
-520440
-705742
-98037
-1883471
278974
2135562
-137591
459217
4927644
-4079721
-3288985
300929
856963
-1525862
-568556
-1044569
2025028
42418
1388687
3437395
2244358
-3908065
2387623
-2667626
1602373
451868
2389957
-3089171
-1970316
382058
1042139
340353
775425
1249805
235323
-582115
4758268
-513864
-1906815
463563
-1784065
570601
875974
3004507
-1213042
1737309
-2990770
-669036
-2631478
1252472
-2585690
-1632890
-427714
994396
960389
-1918031
974539
-4289075
-2600352
-997472
-834445
3615130
-797013
2221662
-2628190
2519314
1727657
1401043
2610083
-4574694
1478091
2454286
697168
642999
1744415
-103372
-916523
-1130773
381299
-381319
456832
-1710454
786432
-1899329
-61063
957155
-2562980
-1450413
-1622368
-196770
2798847
-3315876
1640375
691158
342909
3021798
-1035666
2641584
1247948
2399851
3069812
-2167235
-1605487
-386940
671335
-4234708
2956435
-791541
1367099
2011547
4586855
276141
122118
1041590
-2437477
-652276
-2541635
3260695
-1381065
204326
1235486
1175019
-1911962
-743501
-1767593
-107274
1974890
1195771
3438845
2325267
-345668
2255033
342689
-957032
4504195
2779260
1299237
-4452902
3519238
281624
4914521
600381
902663
1717876
2770979
2547334
-1950278
-2311350
-667183
-1327920
3945175
-726162
-764915
200150
2390712
1666659
3799810
1859130
843247
1894425
1347225
4494036
-1695043
555924
1743895
712273
1330223
143295
-1611185
4490556
1854331
-2822839
-335775
1425520
3618192
525412
-863140
4230820
3956705
-480843
1310939
78308
-1148512
2941855
-4778405
3115152
-3412736
-1814945
323047
-4500420
111981
-4382173
-1639111
-1481198
-74364
3972964
-3355065
1941929
63596
1982034
4729942
-4213719
1634509
-528620
-2381790
4303930
226024
339673
-3454428
-483258
-578725
-1797536
-4318472
2311748
4968169
1252334
443977
-2935516
476205
4488471
1591804
-4570071
1273098
743548
-3232272
-4549459
-1922700
1929757
4675045
3956712
-2063264
-46249
3993453
-2422354
612975
-4456031
-3447206
-1010613
1445424
-804710
-3165520
739854
-76129
1125970
-231478
2803895
1038153
1119396
-2649951
-3346870
2640954
-841852
-986418
443891
2905833
3340180
1186652
3513023
-520775
-1352578
-811998
456374
3845313
-814285
3934429
1241830
-2132396
2425211
1062482
-3292396
-1734233
-920597
1189537
-1380274
4809698
-200033
-1836432
2084620
-452561
2349359
395186
2470899
-1361428
-1683949
4897297
-901717
3279944
1696016
-2600
-3735485
1180942
2882434
1008214
-3610761
1880268
-3726364
-270036
4861468
313273
1090372
-978974
-1071493
-1608410
-3660805
654523
-813016
-3030078
422026
1435415
1891621
-325827
-454225
325142
1016255
-323131
-108102
3192219
-2930056
-963741
403087
-995376
4183079
1259410
89434
-169276
1286014
-858975
-2370647
836371
1579748
-932055
-2352303
-136515
-4660828
1586456
-4274722
-4569536
-4461929
-1839045
-167575
191299
-2757081
-942829
3932824
4641899
1368926
3051205
617965
776065
2226749
-3755087
130511
580429
1467665
4113569
-702399
4697381
1253632
-1828414
3532033
-1814407
2194472
3962253
-1594648
-2840319
3024742
366732
-4861139
2680858
-1512324
4337051
1357794
-713643
4814391
-1011414
4240706
4925460
2179316
-2074519
-2960125
-2098992
998478
2861439
-4051065
2746161
-2368028
1936945
1231408
3494715
1785560
4811452
3279323
697813
-4176869
823375
-3299940
-96758
-3994476
4183969
-1518476
364500
1185021
353777
408466
-3127588
769400
3463011
-3653697
1307062
4839296
1715923
4878130
-2255372
2733285
-1752011
64439
896827
2790689
418675
-2028550
542808
-2648056
-1324410
3539579
208098
-1881379
-3531501
2876400
-800595
-472659
2493956
160870
3010732
-88602
975084
-4524783
1275161
1861943
4847673
507196
-3950140
-979498
-3393896
1019872
-1883335
4936699
3017345
2850421
-4670659
881070
3208385
-3078503
-2360662
676198
-4090002
-587729
1294948
2267242
-43778
4781385
527603
1996567
868187
1291174
-1477659
652886
-1810092
-1344682
4039523
-952288
1633185
652223
4836749
2675939
-4184772
2586061
201572
-3144760
1528577
4579462
-543897
-491099
-1021144
-733627
-2232474
3774828
-2488066
1112055
-1267738
-1353522
-58668
2819485
3174570
2605388
99378
-2267154
-8806
1868710
101419
2305185
4281152
4779864
-2912832
133951
-1175956
4702437
4079382
-3767924
-4897865
4480193
754
551750
549846
-1150244
-2543015
3412044
-4623489
662792
3188840
-1733580
1781169
3579934
1275648
-1385709
-1212225
4255738
3698473
-945287
2455317
122913
4858535
-3573526
-2423801
-3020850
1311065
-3939671
-2617201
1593625
-586176
1016419
3018001
3785463
-3960303
-70592
-1146352
3897948
-4728951
-2412460
2647946
-240039
1283751
-3279823
671418
2066981
1362417
-1591594
10942
-4556107
-1667700
3098223
-1621449
-1020785
974987
-842226
-2695789
-2381560
621353
-2800748
-668883
2826932
803343
-1390497
1354370
-4005067
2439057
-811120
46754
-1686431
-3577796
-2993314
1466903
136748
-2147833
-118880
978300
-3707061
1902429
-114000
-79879
572096
295813
908771
-3656143
-4218948
2126994
3407567
1070173
-2465239
-902573
625495
-2984966
1706829
-4772576
-418432
353943
1226934
4497959
4995381
1781088
592382
2280440
-1116190
3899053
168306
4531551
4327012
2149661
-2693543
2521662
-4517485
-707422
-1215879
-4623728
-4295694
-2964041
909024
-1210426
4820722
-1658929
-1382841
3369991
-2416404
3437987
560721
-3456471
4183022
951345
-616991
2176376
234857
4912602
-402296
-2803718
-3792965
-4230467
-1413525
940221
344939
711591
-2993521
-2125842
-6994
-4312009
-1682498
1849399
533441
-3473093
3975741
-3383704
2881976
-1629186
2178118
-4047425
2307133
1093174
93665
3771416
2852497
-3014630
-529070
-2089429
-295807
-1069017
355436
3153902
3586983
3932771
4429193
2739259
1740627
1770395
911045
519351
3256217
1340625
526538
2088202
1073282
-530960
-78641
-867050
-291442
1689767
-2446109
2364176
1721540
-2046556
358993
762837
1088852
-2937543
-2027863
3499388
-2372044
-2470598
2013625
-1628274
1821575
-2470350
-651623
-897051
3949552
1377728
-1530802
2871266
-102871
-3419540
-423264
-2691464
-2490340
3345328
-2192287
2653823
-3049935
533630
-4023759
-2577687
182747
2896100
3987440
-1212459
4368676
-2473078
-2147974
463082
363218
139308
4124208
533344
2104924
-1724005
-4037857
1917163
-4775773
-2542145
-1936661
4293120
-4727496
-2388994
2302407
3963421
984329
-1211000
2717678
-129382
4548555
-2939665
-403474
944928
-2637240
4012705
791126
-1308076
993577
2805749
4039022
-2559100
-1281315
-960758
-3774125
-572710
-4630238
3788968
2828125
-622816
317239
2022861
-437410
-1844703
1636829
-1107119
-3548906
-4627728
-1845179
258197
-3554073
2362478
-3343852
2999341
3143305
-2936447
-1820621
266549
3895825
-346826
-2251017
-3949961
-3947234
-669899
3899544
2150047
1321164
1976828
-205502
-924776
-2240906
-3774673
-2161376
-2273648
690360
-1317890
3704415
-3440643
3014227
-6796
-118783
-1215936
-816312
1927305
817839
3389039
-1129605
2312578
-2021859
-640169
2418465
80922
-2918297
-3387762
320909
-2248159
-794000
2999183
4990928
1067833
-3646117
2602240
159891
-3519410
-179503
3911028
2235211
-1147362
305888
-2354831
2535530
-2485141
-1710965
-39415
-2702259
2542019
-4600996
3955267
2298637
-1568659
-1039656
1858004
2806341
4524410
1233294
-4879544
3512035
59009
780270
-535759
468446
1886227
4127323
2547020
-367164
1555357
-126357
3402966
-4692644
4949694
4615337
1850467
-1075987
3023778
1417381
-2411315
-2289184
-1385272
1467066
4228617
-714765
-544751
1386001
2369440
-2837772
40361
-2656182
-188086
-4328294
1803924
-4918215
2734864
-2316764
1584372
-1111128
2599089
1247136
-4396335
2826568
-1090110
2696976
145063
2306894
812861
3892349
3985037
4715200
-2719907
-2937858
1441239
-2451054
-1130557
-4789682
3736175
-3991582
1179144
-1676447
-3673733
1978402
-1350132
-1115664
-2542625
1863454
-723493
3224061
1808813
-3349588
3321812
3744198
3607980
-493676
1185008
-2062581
-4009519
2379782
469587
-2539586
67644
-2237175
-194028
-4393932
743043
-3292138
-4558880
-3567940
4560108
-263203
1199270
4300449
-1134832
-1053246
288255
-2391599
1258449
-949094
697095
184293
-55570
984884
-2252699
3549258
4067268
-491005
-1285356
-355419
2637997
-677233
2170648
-2142404
-1427709
2151913
-4423796
4835407
-1071233
-2845800
454285
1387433
1664844
2505260
180750
4680545
-748404
3638244
620083
-1579013
-2035227
4662009
-4166997
2453849
2466218
-3314239
-459063
-2213448
-1827811
1579088
-2312248
-2632377
4068893
314802
211768
1111793
-361041
2290276
468745
2778285
3056709
-1750393
985074
3370156
-3548396
845040
-166030
2600284
-3345615
2914924
961099
-3871103
-3149241
1697828
-2227471
-862871
4185935
547414
-4612445
1529037
-2071147
909653
2325379
-2375855
3390844
-1879885
-2476608
1613102
-4735791
307618
4669451
552324
773872
2128671
-4458880
4785724
1032283
2678564
1248160
-1626686
-3755920
-1324466
-3634013
4975575
509012
182989
-850203
-4397611
-3838008
-554891
-4402959
385083
-1474288
2563725
514996
3934898
307088
3024949
4838364
-1849699
-1040262
1038140
169792
1779287
2508727
-4809691
-681513
1017364
-692066
1446741
-1906119
-423369
-432058
-99893
1326139
3185423
2317401
-440060
2504370
1275730
777264
-296770
-1206822
334069
-2504192
1997714
4296889
1430104
1074131
-2127172
-3894367
4986485
-1754173
-3874679
-287663
-988320
4608533
-1679064
464023
-2587975
-405065
42860
2880094
-1876507
3467660
-4255601
-3421391
2850461
-336865
-2234001
-292680
-4387807
1321278
366041
-2001026
3123832
-1211292
-948516
3313217
1032700
2373437
-2952986
3758322
-3225189
-1053132
2512569
-4581751
-2326114
-2156746
-104673
2031797
3464725
4659725
851244
-86650
-385152
3777562
-179654
2725803
-3789417
3797686
-3770366
-3560579
396058
2695222
2001737
-2413012
115578
3952993
352488
-3737604
1077612
3288921
164119
-1675048
-1525661
2029312
-2350274
4988963
-221752
2293723
-2473419
-4014311
-425428
-1091346
754850
-235623
1763179
1305336
4129372
2463138
1232575
-426448
390190
-3206966
3180366
2627389
-3652776
386177
2754115
-593897
3832888
1038134
-1924328
-387702
-3230188
-2270142
222962
4181502
4548403
716703
3918289
1068695
3096612
3257684
486297
2628205
-618006
-3038371
-999641
-3261458
1077492
3425168
-4032408
-4737876
-1002010
1534674
746256
179534
-1041458
2716577
-3423956
352753
-3079403
-245493
4580968
-1955641
-3686984
1021708
944627
-2217798
942829
-2156361
3357917
-2375853
1172173
-2332894
593089
653509
-2351374
-1300189
-744802
-2713554
547027
-2053250
871012
4025908
4262873
-1172871
-3796139
884570
-4324637
743359
-1211191
-3738380
1045558
3449401
1701902
-2584512
1522105
-4673090
2406341
-764252
-2984000
-377560
1078295
2249666
-1947269
361201
2376057
-1650741
-3280587
-2457393
839559
612953
-38029
-2617011
-2377347
-2293113
4535749
-2565885
-3731275
-1978003
2547134
-292725
-3297642
1363859
-1342972
4132831
-2227295
-472507
-516163
2295640
1061113
2940724
-939790
2911831
-3475134
1627277
-560240
-1160992
-2723570
1734827
65280
-1634428
360679
-4829300
1651074
-1229813
-67209
1404489
3835502
1653230
-896753
-262397
-3379697
-4698371
3121650
-588697
-1885781
1480414
3181379
763764
768696
-1969654
-3557933
758400
-1423181
-1840750
-143632
-1869986
414634
3717930
4668100
-739353
1500094
-832570
2025158
-2485131
1711271
91702
-3063816
-2653249
2063528
267585
4142286
-402069
4680987
3462739
1266013
-1782963
-4597308
862565
1264799
-3173296
3368529
-4454070
-4548194
-704524
-4490398
3252770
-2066206
1203398
3793833
-2360920
973373
-1866404
-3234030
1417064
2302273
-3404415
18862
-420097
2372434
-4034102
-1335838
1612353
647227
3042683
-4221089
1802518
4600440
-108166
-2701971
3285828
75738
917946
1702035
-3301836
991311
2125925
41966
411933
-571220
-1359695
-4307237
411867
-3029561
2018915
2733506
-1125630
-1354612
-2239304
113805
4707303
3432891
-2057363
1189686
1853412
-4096501
3083035
-1896327
2294881
3855917
4283337
-1713884
1931317
2141089
342347
-2893702
4819707
-4835632
548658
3524496
-2101580
-4092909
-2867141
2675005
3614365
3710403
-1247441
2194677
2504697
2306554
3607602
8199
1