286303290
286402069
286340531
286406489
286367016
286415136
286389767
286359946
286383422
286379923
286431057
286422016
286431664
286403155
286455487
286418829
286444838
286355187
286366916
286413425
286415457
286431654
286379633
286430790
286369089
286410389
286414361
286416597
286426197
286392691
286405391
286399186
286381943
286417454
286349602
286358431
286381715
286380131
286350827
286430043
286395417
286386702
286420844
286356737
286385379
286400022
286366673
286391579
286418569
286361995
286342294
286432431
286405706
286381253
286411624
286398607
286396129
286377610
286420670
286379102
286404454
286408948
286386474
286458918
286361321
286336388
286399649
286389596
286398569
286399509
286400338
286385268
286360076
286376447
286387766
286387755
286433573
286390727
286411533
286430688
286392358
286408266
286392301
286400639
286388637
286422024
286355961
286406634
286365944
286412714
286430992
286401481
286450647
286379998
286420229
286400095
286397361
286427791
286392245
286427237
286439319
286362866
286380458
286420059
286387087
286390097
286367967
286387837
286419637
286396387
286343485
286447902
286396880
286363952
286408675
286394953
286377977
286437055
286378784
286405394
286379282
286433307
286397997
286437127
286406426
286395173
286430136
286389817
286380555
286373340
286435739
286393530
286366680
286444971
286409682
286395386
286423252
286348643
286448837
286387073
286359901
286395355
286351940
286399183
286433602
286348090
286414579
286429237
286450514
286391794
286415511
286419511
286441894
286416228
286389764
286445883
286401204
286403466
286415558
286362947
286394034
286413847
286378819
286411139
286404625
286366788
286413787
286386199
286411230
286427592
286350649
286428316
286424921
286351556
286397173
286368583
286366744
286350267
286378892
286435943
286369809
286338810
286374510
286385339
286344165
286418316
286472737
286412704
286365010
286407625
286387002
286416229
286431685
286393607
286401783
286400906
286367384
286419521
286373134
286403517
286388603
286441461
286403551
286350134
286446075
286373645
286416692
286362843
286407008
286469164
286428167
286326230
286387866
286373720
286355171
286409714
286399360
286460897
286398436
286368262
286357997
286408637
286374471
286344291
286406396
286402475
286391256
286398387
286405370
286412827
286396985
286378610
286421840
286424999
286409237
286387011
286371245
286401355
286358795
286371938
286434935
286400620
286369613
286423635
286369062
286356281
286349279
286396831
286485944
286400256
286375687
286418856
286386128
286386134
286413277
286436553
286444728
286414325
286421190
286365098
286399971
286419229
286371851
286369936
286388594
286434268
286332065
286422582
286437159
286335566
286433846
286365150
286373355
286395367
286388140
286412127
286401126
286393267
286417598
286413616
286433267
286448527
286431886
286383998
286414720
286407755
286376366
286431646
286380964
286409554
286387813
286442625
286425317
286413213
286404427
286432989
286396072
286371343
286393685
286388483
286406324
286413420
286403404
286399394
286408473
286355174
286417828
286390066
286463209
286373684
286422715
286443846
286403742
286376851
286438893
286371824
286337310
286415537
286409687
286408886
286340464
286383648
286389064
286356141
286386637
286416220
286309488
286405285
286436225
286384517
286423939
286399322
286416167
286403891
286416431
286432645
286383752
286416730
286386744
286322785
286398128
286413514
286341923
286384051
286360603
286400909
286422689
286394989
286357059
286400148
286404150
286404830
286430146
286409811
286398034
286382878
286393373
286369953
286407788
286460101
286364471
286418435
286365911
286381125
286357057
286415021
286390539
286393539
286377688
286367518
286415099
286397678
286367104
286417386
286380535
286384518
286405898
286423184
286374144
286419627
286399376
286373190
286423591
286433246
286402598
286381028
286391418
286401319
286406821
286406599
286400554
286387028
286428915
286407911
286412461
286356703
286386128
286408057
286396642
286371909
286411283
286435895
286378429
286373136
286411429
286385049
286362104
286393745
286421547
286381139
286338711
286411285
286366169
286406391
286412496
286396583
286352269
286426569
286375522
286354431
286437343
286411553
286395022
286361175
286395806
286401616
286441908
286397847
286439652
286414377
286423780
286420950
286436476
286415269
286424973
286358727
286395753
286434992
286369368
286343512
286413780
286434628
286358441
286407583
286452242
286416644
286360904
286383600
286430036
286403802
286390756
286430075
286378802
286386483
286365948
286409977
286420476
286380932
286380744
286386946
286372485
286386085
286381882
286356986
286426008
286423033
286422975
286395049
286416823
286423515
286390292
286388813
286379313
286357714
286396940
286367285
286399337
286361232
286425208
286408091
286350725
286425143
286361362
286371046
286414177
286368040
286383664
286388671
286416139
286386118
286373347
286391173
286373590
286326411
286436419
286343256
286350086
286421828
286382543
286400797
286377870
286382743
286422272
286394197
286347569
286386023
286408313
286433661
286381158
286414350
286304487
286264623
286264545
286264545
286264545
286264545
286264545
286264545
286264545
286264545
286264545
286264545
286264545
286264545
286264545
286264545
286264545
286264545
286264545
286264545
286264545
286264545
286264545
286264545
286264545
286264545
286264545
286264545
286264545
286264545
286264545
286264545
286264545
286264545
286264545
286264545
286264545
286264545
286264545
286264545
286264545
286264545
286264545
286264545
286264545
286264545
286264545
286264545
286264545
286264545
286264545
286264545
286264545
286264545
286264545
286264545
286264545
286264545
286264545
286264545
286264545
286264545
286264545
286264545
286264545
286264545
286264545
286264545
286264545
286264545
286264545
286264545
286264545
286264545
286264545
286264545
286264545
286264545
286264545
286264545
286264545
286264545
286264545
286264545
286264545
286264545
286264545
286264545
286264545
286264545
286264545
286264545
286264545
286264545
286264545
286264545
286264545
286264545
286264545
286264545
286264545
286264545
286264545
286264545
286264545
286264545
286264545
286264545
286264545
286264545
286264545
286264545
286264545
286264545
286264545
286264545
286264545
286264545
286264545
286264545
286264545
286264545
286264545
286264545
286264545
286264545
286264545
286264545
286264545
286264545
286264545
286264545
286264545
286264545
286264545
286264545
286264545
286264545
286264545
286264545
286264545
286264545
286264545
286264545
286264545
286264545
286264545
286264545
286264545
286264545
286264545
286264545
286264545
286264545
286264545
286264545
286264545
286264545
286264545
286264545
286264545
286264545
286264545
286264545
286264545
286264545
286264545
286264545
286264545
286264545
286264545
286264545
286264545
286264545
286264545
286264545
286264545
286264545
286264545
286264545
286264545
286264545
286264545
286264545
286264545
286264545
286264545
286264545
286264545
286264545
286264545
286264545
286264545
286264545
286264545
286264545
286264545
286264545
286264545
286264545
286264545
286264545
286264545
286264545
286264545
286264545
286264545
286264545
286264545
286264545
286264545
286264545
286264545
286264545
286264545
286264545
286264545
286264545
286264545
286264545
286264545
286264545
286264545
286264545
286264545
286264545
286264545
286264545
286264545
286264545
286264545
286264545
286264545
286264545
286264545
286264545
286264545
286264545
286264545
286264545
286264545
286264545
286264545
286264545
286264545
286264545
286264545
286264545
286264545
286264545
286264545
286264545
286264545
286264545
286264545
286264545
286264545
286264545
286264545
286264545
286264545
286264545
286264545
286264545
286264545
286264545
286264545
286264545
286264545
286264545
286264545
286264545
286264545
286264545
286264545
286264545
286264545
286264545
286264545
286264545
286264545
286264545
286264545
286264545
286264545
286264545
286264545
286264545
286264545
286264545
286264545
286264545
286264545
286264545
286264545
286264545
286264545
286264545
286264545
286264545
286264545
286264545
286264545
286264545
286264545
286264545
286264545
286264545
286264545
286264545
286264545
286264545
286264545
286264545
286264545
286264545
286264545
286264545
286264545
286264545
286264545
286264545
286264545
286264545
286264545
286264545
286264545
286264545
286264545
286264545
286264545
286264545
286264545
286264545
286264545
286264545
286264545
286264545
286264545
286264545
286264545
286264545
286264545
286264545
286264545
286264545
286264545
286264545
286264545
286264545
286264545
286264545
286264545
286264545
286264545
286264545
286264545
286264545
286264545
286264545
286264545
286264545
286264545
286264545
286264545
286264545
286264545
286264545
286264545
286264545
286264545
286264545
286264545
286264545
286264545
286264545
286264545
286264545
286264545
286264545
286264545
286264545
286264545
286264545
286264545
286264545
286264545
286264545
286264545
286264545
286264545
286264545
286264545
286264545
286264545
286264545
286264545
286264545
286264545
286264545
286264545
286264545
286264545
286264545
286264545
286264545
286264545
286264545
286264545
286264545
286264545
286264545
286264545
286264545
286264545
286264545
286264545
286264545
286264545
286264545
286264545
286264545
286264545
286264545
286264545
286264545
286264545
286264545
286264545
286264545
286264545
286264545
286264545
286264545
286264545
286264545
286264545
286264545
286264545
286264545
286264545
286264545
286264545
286264545
286264545
286264545
286264545
286264545
286264545
286264545
286264545
286264545
286264545
286264545
286264545
286264545
286264545
286264545
286264545
286264545
286264545
286264545
286264545
286264545
286264545
286264545
286264545
286264545
286264545
286264545
286264545
286264545
286264545
286264545
286264545
286264545
286264545
286264545
286264545
286264545
286264545
286264545
286264545
286264545
286264545
286264545
286264545
286264545
286264545
286264545
286264545
286264545
286264545
286264545
286264545
286264545
286264545
286264545
286264545
286264545
286264545
286264545
286264545
286264545
286264545
286264545
286264545
286264545
286264545
286264545
286264545
286264545
286264545
286264545
-1717986921
-1717986921
-1717986921
-1717986921
-1717986921
-1717986921
-1717986921
-1717986921
-1717986921
-1717986921
-1717986921
-1717986921
-1717986921
-1717986921
-1717986921
-1717986921
-1717986921
-1717986921
-1717986921
-1717986921
-1717986921
-1717986921
-1717986921
-1717986921
-1717986921
-1717986921
-1717986921
-1717986921
-1717986921
-1717986921
-1717986921
-1717986921
-1717986921
-1717986921
-1717986921
-1717986921
-1717986921
-1717986921
-1717986921
-1717986921
-1717986921
-1717986921
-1717986921
-1717986921
-1717986921
-1717986921
-1717986921
-1717986921
-1717986921
-1717986921
-1717986921
-1717986921
-1717986921
-1717986921
-1717986921
-1717986921
-1717986921
-1717986921
-1717986921
-1717986921
-1717986921
-1717986921
-1717986921
-1717986921
-1717986921
-1717986921
-1717986921
-1717986921
-1717986921
-1717986921
-1717986921
-1717986921
-1717986921
-1717986921
-1717986921
-1717986921
-1717986921
-1717986921
-1717986921
-1717986921
-1717986921
-1717986921
-1717986921
-1717986921
-1717986921
-1717986921
-1717986921
-1717986921
-1717986921
-1717986921
-1717986921
-1717986921
-1717986921
-1717986921
-1717986921
-1717986921
-1717986921
-1717986921
-1717986921
-1717986921
-1717986921
-1717986921
-1717986921
-1717986921
-1717986921
-1717986921
-1717986921
-1717986921
-1717986921
-1717986921
-1717986921
-1717986921
-1717986921
-1717986921
-1717986921
-1717986921
-1717986921
-1717986921
-1717986921
-1717986921
-1717986921
-1717986921
-1717986921
-1717986921
-1717986921
-1717986921
-1717986921
-1717986921
-1717986921
-1717986921
-1717986921
-1717986921
-1717986921
-1717986921
-1717986921
-1717986921
-1717986921
-1717986921
-1717986921
-1717986921
-1717986921
-1717986921
-1717986921
-1717986921
-1717986921
-1717986921
-1717986921
-1717986921
-1717986921
-1717986921
-1717986921
-1717986921
-1717986921
-1717986921
-1717986921
-1717986921
-1717986921
-1717986921
-1717986921
-1717986921
-1717986921
-1717986921
-1717986921
-1717986921
-1717986921
-1717986921
-1717986921
-1717986921
-1717986921
-1717986921
-1717986921
-1717986921
-1717986921
-1717986921
-1717986921
-1717986921
-1717986921
-1717986921
-1717986921
-1717986921
-1717986921
-1717986921
-1717986921
-1717986921
-1717986921
-1717986921
-1717986921
-1717986921
-1717986921
-1717986921
-1717986921
-1717986921
-1717986921
-1717986921
-1717986921
-1717986921
-1717986921
-1717986921
-1717986921
-1717986921
-1717986921
-1717986921
-1717986921
-1717986921
-1717986921
-1717986921
-1717986921
-1717986921
-1717986921
-1717986921
-1717986921
-1717986921
-1717986921
-1717986921
-1717986921
-1717986921
-1717986921
-1717986921
-1717986921
-1717986921
-1717986921
-1717986921
-1717986921
-1717986921
-1717986921
-1717986921
-1717986921
-1717986921
-1717986921
-1717986921
-1717986921
-1717986921
-1717986921
-1717986921
-1717986921
-1717986921
-1717986921
-1717986921
-1717986921
-1717986921
-1717986921
-1717986921
-1717986921
-1717986921
-1717986921
-1717986921
-1717986921
-1717986921
-1717986921
-1717986921
-1717986921
-1717986921
-1717986921
-1717986921
-1717986921
-1717986921
-1717986921
-1717986921
-1717986921
-1717986921
-1717986921
-1717986921
-1717986921
-1717986921
-1717986921
-1717986921
-1717986921
-1717986921
-1717986921
-1717986921
-1717986921
-1717986921
-1717986921
-1717986921
-1717986921
-1717986921
-1717986921
-1717986921
-1717986921
-1717986921
-1717986921
-1717986921
-1717986921
-1717986921
-1717986921
-1717986921
-1717986921
-1717986921
-1717986921
-1717986921
-1717986921
-1717986921
-1717986921
-1717986921
-1717986921
-1717986921
-1717986921
-1717986921
-1717986921
-1717986921
-1717986921
-1717986921
-1717986921
-1717986921
-1717986921
-1717986921
-1717986921
-1717986921
-1717986921
-1717986921
-1717986921
-1717986921
-1717986921
-1717986921
-1717986921
-1717986921
-1717986921
-1717986921
-1717986921
-1717986921
-1717986921
-1717986921
-1717986921
-1717986921
-1717986921
-1717986921
-1717986921
-1717986921
-1717986921
-1717986921
-1717986921
-1717986921
-1717986921
-1717986921
-1717986921
-1717986921
-1717986921
-1717986921
-1717986921
-1717986921
-1717986921
-1717986921
-1717986921
-1717986921
-1717986921
-1717986921
-1717986921
-1717986921
-1717986921
-1717986921
-1717986921
-1717986921
-1717986921
-1717986921
-1717986921
-1717986921
-1717986921
-1717986921
-1717986921
-1717986921
-1717986921
-1717986921
-1717986921
-1717986921
-1717986921
-1717986921
-1717986921
-1717986921
-1717986921
-1717986921
-1717986921
-1717986921
-1717986921
-1717986921
-1717986921
-1717986921
-1717986921
-1717986921
-1717986921
-1717986921
-1717986921
-1717986921
-1717986921
-1717986921
-1717986921
-1717986921
-1717986921
-1717986921
-1717986921
-1717986921
-1717986921
-1717986921
-1717986921
-1717986921
-1717986921
-1717986921
-1717986921
-1717986921
-1717986921
-1717986921
-1717986921
-1717986921
-1717986921
-1717986921
-1717986921
-1717986921
-1717986921
-1717986921
-1717986921
-1717986921
-1717986921
-1717986921
-1717986921
-1717986921
-1717986921
-1717986921
-1717986921
-1717986921
-1717986921
-1717986921
-1717986921
-1717986921
-1717986921
-1717986921
-1717986921
-1717986921
-1717986921
-1717986921
-1717986921
-1717986921
-1717986921
-1717986921
-1717986921
-1717986921
-1717986921
-1717986921
-1717986921
-1717986921
-1717986921
-1717986921
-1717986921
-1717986921
-1717986921
-1717986921
-1717986921
-1717986921
-1717986921
-1717986921
-1717986921
-1717986921
-1717986921
-1717986921
-1717986921
-1717986921
-1717986921
-1717986921
-1717986921
-1717986921
-1717986921
-1717986921
-1717986921
-1717986921
-1717986921
-1717986921
-1717986921
-1717986921
-1717986921
-1717986921
-1717986921
-1717986921
-1717986921
-1717986921
-1717986921
-1717986921
-1717986921
-1717986921
-1717986921
-1717986921
-1717986921
-1717986921
-1717986921
-1717986921
-1717986921
-1717986921
-1717986921
-1717986921
-1717986921
-1717986921
-1717986921
-1717986921
-1717986921
-1717986921
-1717986921
-1717986921
-1717986921
-1717986921
-1717986921
-1717986921
-1717986921
-1717986921
-1717986921
-1717986921
-1717986921
-1717986921
-1717986921
-1717986921
-1717986921
-1717986921
-1717986921
-1717986921
-1717986921
-1717986921
-1717986921
-1717986921
-1717986921
-1717986921
-1717986921
-1717986921
-1717986921
-1717986921
-1717986921
-1717986921
-1717986921
-1717986921
-1717986921
-1717986921
-1717986921
-1717986921
-1717986921
-1717986921
-1717986921
-1717986921
-1717986921
-1717986921
-1717986921
-1717986921
-1717986921
-1717986921
-1717986921
-1717986921
-1717986921
-1717986921
-1717986921
-1717986921
-1717986921
-1717986921
-1717986921
-1717986921
-1717986921
-1717986921
-1717986921
-1717986921
-1717986921
-1717986921
-1717986921
-1717986921
-1717986921
-1717986921
-1717986921
-1717986921
-1717986921
-1717986921
-1717986921
-1717986921
-1717986921
-1717986921
-1717986921
-1717986921
-1717986921
-1717986921
-1717986921
-1717986921
-1717986921
-1717986921
-1717986921
-1717986921
-1717986921
-1717986921
-1717986921
-1717986921
-1717986921
-1717986921
-1717986921
-1717986921
-1717986921
-1717986921
-1717986921
-1717986921
-1717986921
-1717986921
-1717986921
-1717986921
-1717986921
-1717986921
-1717986921
-1717986921
-1717986921
-1717986921
-1717986921
-1717986921
-1717986921
-1717986921
-1717986921
-1717986921
-1717986921
-1717986921
-1717986921
-1717986921
-1717986921
-1717986921
-1717986921
-1717986921
-1717986921
-1717986921
-1717986921
-1717986921
-1717986921
-1717986921
-1717986921
-1717986921
-1717986921
-1717986921
-1717986921
-1717986921
-1717986921
-1717986921
-1717986921
-1717986921
-1717986921
-1717986921
-1717986921
-1717986921
-1717986921
-1717986921
-1717986921
-1717986921
-1717986921
-1717986921
-1717986921
-1717986921
-1717986921
-1717986921
-1717986921
-1717986921
-1717986921
-1717986921
-1717986921
-1717986921
-1717986921
-1717986921
-1717986921
-1717986921
-1717986921
-1717986921
-1717986921
-1717986921
-1717986921
-1717986921
-1717986921
-1717986921
-1717986921
-1717986921
-1717986921
-1717986921
-1717986921
-1717986921
-1717986921
-1717986921
-1717986921
-1717986921
-1717986921
-1717986921
-1717986921
-1717986921
-1717986921
-1717986921
-1717986921
-1717986921
-1717986921
-1717986921
-1717986921
-1717986921
-1717986921
-1717986921
-1717986921
-1717986921
-1717986921
-1717986921
-1717986921
-1717986921
-1717986921
-1717986921
-1717986921
-1717986921
-1717986921
-1717986921
-1717986921
-1717986921
-1717986921
-1717986921
-1717986921
-1717986921
-1717986921
-1717986921
-1717986921
-1717986921
-1717986921
-1717986921
-1717986921
-1717986921
-1717986921
-1717986921
-1717986921
-1717986921
-1717986921
-1717986921
-1717986921
-1717986921
-1717986921
-1717986921
-1717986921
-1717986921
-1717986921
-1717986921
-1717986921
-1717986921
-1717986921
-1717986921
-1717986921
-1717986921
-1717986921
-1717986921
-1717986921
-1717986921
-1717986921
-1717986921
-1717986921
-1717986921
-1717986921
-1717986921
-1717986921
-1717986921
-1717986921
-1717986921
-1717986921
-1717986921
-1717986921
-1717986921
-1717986921
-1717986921
-1717986921
-1717986921
-1717986921
-1717986921
-1717986921
-1717986921
-1717986921
-1717986921
-1717986921
-1717986921
-1717986921
-1717986921
-1717986921
-1717986921
-1717986921
-1717986921
-1717986921
-1717986921
-1717986921
-1717986921
-1717986921
-1717986921
-1717986921
-1717986921
-1717986921
-1717986921
-1717986921
-1717986921
-1717986921
-1717986921
-1717986921
-1717986921
-1717986921
-1717986921
-1717986921
-1717986921
-1717986921
-1717986921
-1717986921
-1717986921
-1717986921
-1717986921
-1717986921
-1717986921
-1717986921
-1717986921
-1717986921
-1717986921
-1717986921
-1717986921
-1717986921
-1717986921
-1717986921
-1717986921
-1717986921
-1717986921
-1717986921
-1717986921
-1717986921
-1717986921
-1717986921
-1717986921
-1717986921
-1717986921
-1717986921
-1717986921
-1717986921
-1717986921
-1717986921
-1717986921
-1717986921
-1717986921
-1717986921
-1717986921
-1717986921
-1717986921
-1717986921
-1717986921
-1717986921
-1717986921
-1717986921
-1717986921
-1717986921
-1717986921
-1717986921
-1717986921
-1717986921
-1717986921
-1717986921
-1717986921
-1717986921
-1717986921
-1717986921
-1717986921
-1717986921
-1717986921
-1717986921
-1717986921
-1717986921
-1717986921
-1717986921
-1717986921
-1717986921
-1717986921
-1717986921
-1717986921
-1717986921
-1717986921
-1717986921
-1717986921
-1717986921
-1717986921
-1717986921
-1717986921
-1717986921
-1717986921
-1717986921
-1717986921
-1717986921
-1717986921
-1717986921
-1717986921
-1717986921
-1717986921
-1717986921
-1717986921
-1717986921
-1717986921
-1717986921
-1717986921
-1717986921
-1717986921
-1717986921
-1717986921
-1717986921
-1717986921
-1717986921
-1717986921
-1717986921
-1717986921
-1717986921
-1717986921
-1717986921
-1717986921
-1717986921
-1717986921
-1717986921
-1717986921
-1717986921
-1717986921
-1717986921
-1717986921
-1717986921
-1717986921
-1717986921
-1717986921
-1717986921
-1717986921
-1717986921
-1717986921
-1717986921
-1717986921
-1717986921
-1717986921
-1717986921
-1717986921
-1717986921
-1717986921
-1717986921
-1717986921
-1717986921
-1717986921
-1717986921
-1717986921
-1717986921
-1717986921
-1717986921
-1717986921
-1717986921
-1717986921
-1717986921
-1717986921
-1717986921
-1717986921
-1717986921
-1717986921
-1717986921
-1717986921
-1717986921
-1717986921
-1717986921
-1717986921
-1717986921
-1717986921
-1717986921
-1717986921
-1717986921
-1717986921
-1717986921
-1717986921
-1717986921
-1717986921
-1717986921
-1717986921
-1717986921
-1717986921
-1717986921
-1717986921
-1717986921
-1717986921
-1717986921
-1717986921
-1717986921
-1717986921
-1717986921
-1717986921
-1717986921
-1717986921
-1717986921
-1717986921
-1717986921
-1717986921
-1717986921
-1717986921
-1717986921
-1717986921
-1717986921
-1717986921
-1717986921
-1717986921
-1717986921
-1717986921
-1717986921
-1717986921
-1717986921
-1717986921
-1717986921
-1717986921
-1717986921
-1717986921
-1717986921
-1717986921
-1717986921
-1717986921
-1717986921
-1717986921
-1717986921
-1717986921
-1717986921
-1717986921
-1717986921
-1717986921
-1717986921
-1717986921
-1717986921
-1717986921
-1717986921
-1717986921
-1717986921
-1717986921
-1717986921
-1717986921
-1717986921
-1717986921
-1717986921
-1717986921
-1717986921
-1717986921
-1717986921
-1717986921
-1717986921
-1717986921
-1717986921
-1717986921
-572662307
-572662307
-572662307
-572662307
-572662307
-572662307
-572662307
-572662307
-572662307
-572662307
-572662307
-572662307
-572662307
-572662307
-572662307
-572662307
-572662307
-572662307
-572662307
-572662307
-572662307
-572662307
-572662307
-572662307
-572662307
-572662307
-572662307
-572662307
-572662307
-572662307
-572662307
-572662307
-572662307
-572662307
-572662307
-572662307
-572662307
-572662307
-572662307
-572662307
-572662307
-572662307
-572662307
-572662307
-572662307
-572662307
-572662307
-572662307
-572662307
-572662307
-572662307
-572662307
-572662307
-572662307
-572662307
-572662307
-572662307
-572662307
-572662307
-572662307
-572662307
-572662307
-572662307
-572662307
-572662307
-572662307
-572662307
-572662307
-572662307
-572662307
-572662307
-572662307
-572662307
-572662307
-572662307
-572662307
-572662307
-572662307
-572662307
-572662307
-572662307
-572662307
-572662307
-572662307
-572662307
-572662307
-572662307
-572662307
-572662307
-572662307
-572662307
-572662307
-572662307
-572662307
-572662307
-572662307
-572662307
-572662307
-572662307
-572662307
-572662307
-572662307
-572662307
-572662307
-572662307
-572662307
-572662307
-572662307
-572662307
-572662307
-572662307
-572662307
-572662307
-572662307
-572662307
-572662307
-572662307
-572662307
-572662307
-572662307
-572662307
-572662307
-572662307
-572662307
-572662307
-572662307
-572662307
-572662307
-572662307
-572662307
-572662307
-572662307
-572662307
-572662307
-572662307
-572662307
-572662307
-572662307
-572662307
-572662307
-572662307
-572662307
-572662307
-572662307
-572662307
-572662307
-572662307
-572662307
-572662307
-572662307
-572662307
-572662307
-572662307
-572662307
-572662307
-572662307
-572662307
-572662307
-572662307
-572662307
-572662307
-572662307
-572662307
-572662307
-572662307
-572662307
-572662307
-572662307
-572662307
-572662307
-572662307
-572662307
-572662307
-572662307
-572662307
-572662307
-572662307
-572662307
-572662307
-572662307
-572662307
-572662307
-572662307
-572662307
-572662307
-572662307
-572662307
-572662307
-572662307
-572662307
-572662307
-572662307
-572662307
-572662307
-572662307
-572662307
-572662307
-572662307
-572662307
-572662307
-572662307
-572662307
-572662307
-572662307
-572662307
-572662307
-572662307
-572662307
-572662307
-572662307
-572662307
-572662307
-572662307
-572662307
-572662307
-572662307
-572662307
-572662307
-572662307
-572662307
-572662307
-572662307
-572662307
-572662307
-572662307
-572662307
-572662307
-572662307
-572662307
-572662307
-572662307
-572662307
-572662307
-572662307
-572662307
-572662307
-572662307
-572662307
-572662307
-572662307
-572662307
-572662307
-572662307
-572662307
-572662307
-572662307
-572662307
-572662307
-572662307
-572662307
-572662307
-572662307
-572662307
-572662307
-572662307
-572662307
-572662307
-572662307
-572662307
-572662307
-572662307
-572662307
-572662307
-572662307
-572662307
-572662307
-572662307
-572662307
-572662307
-572662307
-572662307
-572662307
-572662307
-572662307
-572662307
-572662307
-572662307
-572662307
-572662307
-572662307
-572662307
-572662307
-572662307
-572662307
-572662307
-572662307
-572662307
-572662307
-572662307
-572662307
-572662307
-572662307
-572662307
-572662307
-572662307
-572662307
-572662307
-572662307
-572662307
-572662307
-572662307
-572662307
-572662307
-572662307
-572662307
-572662307
-572662307
-572662307
-572662307
-572662307
-572662307
-572662307
-572662307
-572662307
-572662307
-572662307
-572662307
-572662307
-572662307
-572662307
-572662307
-572662307
-572662307
-572662307
-572662307
-572662307
-572662307
-572662307
-572662307
-572662307
-572662307
-572662307
-572662307
-572662307
-572662307
-572662307
-572662307
-572662307
-572662307
-572662307
-572662307
-572662307
-572662307
-572662307
-572662307
-572662307
-572662307
-572662307
-572662307
-572662307
-572662307
-572662307
-572662307
-572662307
-572662307
-572662307
-572662307
-572662307
-572662307
-572662307
-572662307
-572662307
-572662307
-572662307
-572662307
-572662307
-572662307
-572662307
-572662307
-572662307
-572662307
-572662307
-572662307
-572662307
-572662307
-572662307
-572662307
-572662307
-572662307
-572662307
-572662307
-572662307
-572662307
-572662307
-572662307
-572662307
-572662307
-572662307
-572662307
-572662307
-572662307
-572662307
-572662307
-572662307
-572662307
-572662307
-572662307
-572662307
-572662307
-572662307
-572662307
-572662307
-572662307
-572662307
-572662307
-572662307
-572662307
-572662307
-572662307
-572662307
-572662307
-572662307
-572662307
-572662307
-572662307
-572662307
-572662307
-572662307
-572662307
-572662307
-572662307
-572662307
-572662307
-572662307
-572662307
-572662307
-572662307
-572662307
-572662307
-572662307
-572662307
-572662307
-572662307
-572662307
-572662307
-572662307
-572662307
-572662307
-572662307
-572662307
-572662307
-572662307
-572662307
-572662307
-572662307
-572662307
-572662307
-572662307
-572662307
-572662307
-572662307
-572662307
-572662307
-572662307
-572662307
-572662307
-572662307
-572662307
-572662307
-572662307
-572662307
-572662307
-572662307
-572662307
-572662307
-572662307
-572662307
-572662307
-572662307
-572662307
-572662307
-572662307
-572662307
-572662307
-572662307
-572662307
-572662307
-572662307
-572662307
-572662307
-572662307
-572662307
-572662307
-572662307
-572662307
-572662307
-572662307
-572662307
-572662307
-572662307
-572662307
-572662307
-572662307
-572662307
-572662307
-572662307
-572662307
-572662307
-572662307
-572662307
-572662307
-572662307
-572662307
-572662307
-572662307
-572662307
-572662307
-572662307
-572662307
-572662307
-572662307
-572662307
-572662307
-572662307
-572662307
-572662307
-572662307
-572662307
-572662307
-572662307
-572662307
-572662307
-572662307
-572662307
-572662307
-572662307
-572662307
-572662307
-572662307
-572662307
-572662307
-572662307
-572662307
-572662307
-572662307
-572662307
-572662307
-572662307
-572662307
-572662307
-572662307
-572662307
-572662307
-572662307
-572662307
-572662307
-572662307
-572662307
-572662307
-572662307
-572662307
-572662307
-572662307
-572662307
-572662307
-572662307
-572662307
-572662307
-572662307
-572662307
-572662307
-572662307
-572662307
-572662307
-572662307
-572662307
-572662307
-572662307
-572662307
-572662307
-572662307
-572662307
-572662307
-572662307
-572662307
-572662307
-572662307
-572662307
-572662307
-572662307
-572662307
-572662307
-572662307
-572662307
-572662307
-572662307
-572662307
-572662307
-572662307
-572662307
-572662307
-572662307
-572662307
-572662307
-572662307
-572662307
-572662307
-572662307
-572662307
-572662307
-572662307
-572662307
-572662307
-572662307
-572662307
-572662307
-572662307
-572662307
-572662307
-572662307
-572662307
-572662307
-572662307
-572662307
-572662307
-572662307
-572662307
-572662307
-572662307
-572662307
-572662307
-572662307
-572662307
-572662307
-572662307
-572662307
-572662307
-572662307
-572662307
-572662307
-572662307
-572662307
-572662307
-572662307
-572662307
-572662307
-572662307
-572662307
-572662307
-572662307
-572662307
-572662307
-572662307
-572662307
-572662307
-572662307
-572662307
-572662307
-572662307
-572662307
-572662307
-572662307
-572662307
-572662307
-572662307
-572662307
-572662307
-572662307
-572662307
-572662307
-572662307
-572662307
-572662307
-572662307
-572662307
-572662307
-572662307
-572662307
-572662307
-572662307
-572662307
-572662307
-572662307
-572662307
-572662307
-572662307
-572662307
-572662307
-572662307
-572662307
-572662307
-572662307
-572662307
-572662307
-572662307
-572662307
-572662307
-572662307
-572662307
-572662307
-572662307
-572662307
-572662307
-572662307
-572662307
-572662307
-572662307
-572662307
-572662307
-572662307
-572662307
-572662307
-572662307
-572662307
-572662307
-572662307
-572662307
-572662307
-572662307
-572662307
-572662307
-572662307
-572662307
-572662307
-572662307
-572662307
-572662307
-572662307
-572662307
-572662307
-572662307
-572662307
-572662307
-572662307
-572662307
-572662307
-572662307
-572662307
-572662307
-572662307
-572662307
-572662307
-572662307
-572662307
-572662307
-572662307
-572662307
-572662307
-572662307
-572662307
-572662307
-572662307
-572662307
-572662307
-572662307
-572662307
-572662307
-572662307
-572662307
-572662307
-572662307
-572662307
-572662307
-572662307
-572662307
-572662307
-572662307
-572662307
-572662307
-572662307
-572662307
-572662307
-572662307
-572662307
-572662307
-572662307
-572662307
-572662307
-572662307
-572662307
-572662307
-572662307
-572662307
-572662307
-572662307
-572662307
-572662307
-572662307
-572662307
-572662307
-572662307
-572662307
-572662307
-572662307
-572662307
-572662307
-572662307
-572662307
-572662307
-572662307
-572662307
-572662307
-572662307
-572662307
-572662307
-572662307
-572662307
-572662307
-572662307
-572662307
-572662307
-572662307
-572662307
-572662307
-572662307
-572662307
-572662307
-572662307
-572662307
-572662307
-572662307
-572662307
-572662307
-572662307
-572662307
-572662307
-572662307
-572662307
-572662307
-572662307
-572662307
-572662307
-572662307
-572662307
-572662307
-572662307
-572662307
-572662307
-572662307
-572662307
-572662307
-572662307
-572662307
-572662307
-572662307
-572662307
-572662307
-572662307
-572662307
-572662307
-572662307
-572662307
-572662307
-572662307
-572662307
-572662307
-572662307
-572662307
-572662307
-572662307
-572662307
-572662307
-572662307
-572662307
-572662307
-572662307
-572662307
-572662307
-572662307
-572662307
-572662307
-572662307
-572662307
-572662307
-572662307
-572662307
-572662307
-572662307
-572662307
-572662307
-572662307
-572662307
-572662307
-572662307
-572662307
-572662307
-572662307
-572662307
-572662307
-572662307
-572662307
-572662307
-572662307
-572662307
-572662307
-572662307
-572662307
-572662307
-572662307
-572662307
-572662307
-572662307
-572662307
-572662307
-572662307
-572662307
-572662307
-572662307
-572662307
-572662307
-572662307
-572662307
-572662307
-572662307
-572662307
-572662307
-572662307
-572662307
-572662307
-572662307
-572662307
-572662307
-572662307
-572662307
-572662307
-572662307
-572662307
-572662307
-572662307
-572662307
-572662307
-572662307
-572662307
-572662307
-572662307
-572662307
-572662307
-572662307
-572662307
-572662307
-572662307
-572662307
-572662307
-572662307
-572662307
-572662307
-572662307
-572662307
-572662307
-572662307
-572662307
-572662307
-572662307
-572662307
-572662307
-572662307
-572662307
-572662307
-572662307
-572662307
-572662307
-572662307
-572662307
-572662307
-572662307
-572662307
-572662307
-572662307
-572662307
-572662307
-572662307
-572662307
-572662307
-572662307
-572662307
-572662307
-572662307
-572662307
-572662307
-572662307
-572662307
-572662307
-572662307
-572662307
-572662307
-572662307
-572662307
-572662307
-572662307
-572662307
-572662307
-572662307
-572662307
-572662307
-572662307
-572662307
-572662307
-572662307
-572662307
-572662307
-572662307
-572662307
-572662307
-572662307
-572662307
-572662307
-572662307
-572662307
-572662307
-572662307
-572662307
-572662307
-572662307
-572662307
-572662307
-572662307
-572662307
-572662307
-572662307
-572662307
-572662307
-572662307
-572662307
-572662307
-572662307
-572662307
-572662307
-572662307
-572662307
-572662307
-572662307
-572662307
-572662307
-572662307
-572662307
-572662307
-572662307
-572662307
-572662307
-572662307
-572662307
-572662307
-572662307
-572662307
-572662307
-572662307
-572662307
-572662307
-572662307
-572662307
-572662307
-572662307
-572662307
-572662307
-572662307
-572662307
-572662307
-572662307
-572662307
-572662307
-572662307
-572662307
-572662307
-572662307
-572662307
-572662307
-572662307
-572662307
-572662307
-572662307
-572662307
-572662307
-572662307
-572662307
-572662307
-572662307
-572662307
-572662307
-572662307
-572662307
-572662307
-572662307
-572662307
-572662307
-572662307
-572662307
-572662307
-572662307
-572662307
-572662307
-572662307
-572662307
-572662307
-572662307
-572662307
-572662307
-572662307
-572662307
-572662307
-572662307
-572662307
-572662307
-572662307
-572662307
-572662307
-572662307
-572662307
-572662307
-572662307
-572662307
-572662307
-572662307
-572662307
-572662307
-572662307
-572662307
-572662307
-572662307
-572662307
-572662307
-572662307
-572662307
-572662307
-572662307
-572662307
-572662307
-572662307
-572662307
-572662307
-572662307
-572662307
-572662307
-572662307
-572662307
-572662307
-572662307
-572662307
-572662307
-572662307
-572662307
-572662307
-572662307
-572662307
-572662307
-572662307
-572662307
-572662307
-572662307
-572662307
-572662307
-572662307
-572662307
-572662307
-572662307
-572662307
-572662307
-572662307
-572662307
-572662307
-572662307
-572662307
-572662307
-572662307
-572662307
-572662307
-572662307
-572662307
-572662307
-572662307
-572662307
-572662307
-572662307
-572662307
-572662307
-572662307
-572662307
-572662307
-572662307
-572662307
-572662307
-572662307
-572662307
-572662307
-572662307
-572662307
-572662307
-572662307
-572662307
-572662307
-572662307
-572662307
-572662307
-572662307
-572662307
-572662307
-572662307
-572662307
-572662307
-572662307
-572662307
-572662307
-572662307
-572662307
-572662307
-572662307
-572662307
-572662307
-572662307
-572662307
-572662307
-572662307
-572662307
-572662307
-572662307
-572662307
-572662307
-572662307
-572662307
-572662307
-572662307
-572662307
-572662307
-572662307
-572662307
-572662307
-572662307
-572662307
-572662307
-572662307
-572662307
-572662307
-572662307
-572662307
-572662307
-572662307
-572662307
-572662307
-572662307
-572662307
-572662307
-572662307
-572662307
-572662307
-572662307
-572662307
-572662307
-572662307
-572662307
-572662307
-572662307
-572662307
-572662307
-572662307
-572662307
-572662307
-572662307
-572662307
-572662307
-572662307
-572662307
-572662307
-572662307
-572662307
-572662307
-572662307
-572662307
-572662307
-572662307
-572662307
-572662307
-572662307
-572662307
-572662307
-572662307
-572662307
-572662307
-572662307
-572662307
-572662307
-572662307
-572662307
-572662307
-572662307
-572662307
-572662307
-572662307
-572662307
-572662307
-572662307
-572662307
-572662307
-572662307
-572662307
-572662307
-572662307
-572662307
-572662307
-572662307
-572662307
-572662307
-572662307
-572662307
-572662307
-572662307
-572662307
-572662307
-572662307
-572662307
-572662307
-572662307
-572662307
-572662307
-572662307
-572662307
-572662307
-572662307
-572662307
-572662307
-572662307
-572662307
-572662307
-572662307
-572662307
-572662307
-572662307
-572662307
-572662307
-572662307
-572662307
-572662307
-572662307
-572662307
-572662307
-572662307
-572662307
-572662307
-572662307
-572662307
-572662307
-572662307
-572662307
-572662307
-572662307
-572662307
-572662307
-572662307
-572662307
-572662307
-572662307
-572662307
-572662307
-572662307
-572662307
-572662307
-572662307
-572662307
-572662307
-572662307
-572662307
-572662307
-572662307
-572662307
-572662307
-572662307
-572662307
-572662307
-572662307
-572662307
-572662307
-572662307
-572662307
-572662307
-572662307
-572662307
-572662307
-572662307
-572662307
-572662307
-572662307
-572662307
-572662307
-572662307
-572662307
-572662307
-572662307
-572662307
-572662307
-572662307
-572662307
-572662307
-572662307
-572662307
-572662307
-572662307
-572662307
-572662307
-572662307
-572662307
-572662307
-572662307
-572662307
-572662307
-572662307
-572662307
-572662307
-572662307
-572662307
-572662307
-572662307
-572662307
-572662307
-572662307
-572662307
-572662307
-572662307
-572662307
-572662307
-572662307
-572662307
-572662307
-572662307
-572662307
-572662307
-572662307
-572662307
-572662307
-572662307
-572662307
-572662307
-572662307
-572662307
-572662307
-572662307
-572662307
-572662307
-572662307
-572662307
-572662307
-572662307
-572662307
-572662307
-572662307
-572662307
-572662307
-572662307
-572662307
-572662307
-572662307
-572662307
-572662307
-572662307
-572662307
-572662307
-572662307
-572662307
-572662307
-572662307
-572662307
-572662307
-572662307
-572662307
-572662307
-572662307
-572662307
-572662307
-572662307
-572662307
-572662307
-572662307
-572662307
-572662307
-572662307
-572662307
-572662307
-572662307
-572662307
-572662307
-572662307
-572662307
-572662307
-572662307
-572662307
-572662307
-572662307
-572662307
-572662307
-572662307
-572662307
-572662307
-572662307
-572662307
-572662307
-572662307
-572662307
-572662307
-572662307
-572662307
-572662307
-572662307
-572662307
-572662307
-572662307
-572662307
-572662307
-572662307
-572662307
-572662307
-572662307
-572662307
-572662307
-572662307
-572662307
-572662307
-572662307
-572662307
-572662307
-572662307
-572662307
-572662307
-572662307
-572662307
-572662307
-572662307
-572662307
-572662307
-572662307
-572662307
-572662307
-572662307
-572662307
-572662307
-572662307
-572662307
-572662307
-572662307
-572662307
-572662307
-572662307
-572662307
-572662307
-572662307
-572662307
-572662307
-572662307
-572662307
-572662307
-572662307
-572662307
-572662307
-572662307
-572662307
-572662307
-572662307
-572662307
-572662307
-572662307
-572662307
-572662307
-572662307
-572662307
-572662307
-572662307
-572662307
-572662307
-572662307
-572662307
-572662307
-572662307
-572662307
-572662307
-572662307
-572662307
-572662307
-572662307
-572662307
-572662307
-572662307
-572662307
-572662307
-572662307
-572662307
-572662307
-572662307
-572662307
-572662307
-572662307
-572662307
-572662307
-572662307
-572662307
-572662307
-572662307
-572662307
-572662307
-572662307
-572662307
-572662307
-572662307
-572662307
-572662307
-572662307
-572662307
-572662307
-572662307
-572662307
-572662307
-572662307
-572662307
-572662307
-572662307
-572662307
-572662307
-572662307
-572662307
-572662307
-572662307
-572662307
-572662307
-572662307
-572662307
-572662307
-572662307
-572662307
-572662307
-572662307
-572662307
-572662307
-572662307
-572662307
-572662307
-572662307
-572662307
-572662307
-572662307
-572662307
-572662307
-572662307
-572662307
-572662307
-572662307
-572662307
-572662307
-572662307
-572662307
-572662307
-572662307
-572662307
-572662307
-572662307
-572662307
-572662307
-572662307
-572662307
-572662307
-572662307
-572662307
-572662307
-572662307
-572662307
-572662307
-572662307
-572662307
-572662307
-572662307
-572662307
-572662307
-572662307
-572662307
-572662307
-572662307
-572662307
-572662307
-572662307
-572662307
-572662307
-572662307
-572662307
-572662307
-572662307
-572662307
-572662307
-572662307
-572662307
-572662307
-572662307
-572662307
-572662307
-572662307
-572662307
-572662307
-572662307
-572662307
-572662307
-572662307
-572662307
-572662307
-572662307
-572662307
-572662307
-572662307
-572662307
-572662307
-572662307
-572662307
-572662307
-572662307
-572662307
-572662307
-572662307
-572662307
-572662307
-572662307
-572662307
-572662307
-572662307
-572662307
-572662307
-572662307
-572662307
-572662307
-572662307
-572662307
-572662307
-572662307
-572662307
-572662307
-572662307
-572662307
-572662307
-572662307
-572662307
-572662307
-572662307
-572662307
-572662307
-572662307
-572662307
-572662307
-572662307
-572662307
-572662307
-572662307
-572662307
-572662307
-572662307
-572662307
-572662307
-572662307
-572662307
-572662307
-572662307
-572662307
-572662307
-572662307
-572662307
-572662307
-572662307
-572662307
-572662307
-572662307
-572662307
-572662307
-572662307
-572662307
-572662307
-572662307
-572662307
-572662307
-572662307
-572662307
-572662307
-572662307
-572662307
-572662307
-572662307
-572662307
-572662307
-572662307
-572662307
-572662307
-572662307
-572662307
-572662307
-572662307
-572662307
-572662307
-572662307
-572662307
-572662307
-572662307
-572662307
-572662307
-572662307
-572662307
-572662307
-572662307
-572662307
-572662307
-572662307
-572662307
-572662307
-572662307
-572662307
-572662307
-572662307
-572662307
-572662307
-572662307
-572662307
-572662307
-572662307
-572662307
-572662307
-572662307
-572662307
-572662307
-572662307
-572662307
-572662307
-572662307
-572662307
-572662307
-572662307
-572662307
-572662307
-572662307
-572662307
-572662307
-572662307
-572662307
-572662307
-572662307
-572662307
-572662307
-572662307
-572662307
-572662307
-572662307
-572662307
-572662307
-572662307
-572662307
-572662307
-572662307
-572662307
-572662307
-572662307
-572662307
-572662307
-572662307
-572662307
-572662307
-572662307
-572662307
-572662307
-572662307
-572662307
-572662307
-572662307
-572662307
-572662307
-572662307
-572662307
-572662307
-572662307
-572662307
-572662307
-572662307
-572662307
-572662307
-572662307
-572662307
-572662307
-572662307
-572662307
-572662307
-572662307
-572662307
-572662307
-572662307
-572662307
-572662307
-572662307
-572662307
-572662307
-572662307
-572662307
-572662307
-572662307
-572662307
-572662307
-572662307
-572662307
-572662307
-572662307
-572662307
-572662307
-572662307
-572662307
-572662307
-572662307
-572662307
-572662307
-572662307
-572662307
-572662307
-572662307
-572662307
-572662307
-572662307
-572662307
-572662307
-572662307
-572662307
-572662307
-572662307
-572662307
-572662307
-572662307
-572662307
-572662307
-572662307
-572662307
-572662307
-572662307
-572662307
-572662307
-572662307
-572662307
-572662307
-572662307
-572662307
-572662307
-572662307
-572662307
-572662307
-572662307
-572662307
-572662307
-572662307
-572662307
-572662307
-572662307
-572662307
-572662307
-572662307
-572662307
-572662307
-572662307
-572662307
-572662307
-572662307
-572662307
-572662307
-572662307
-572662307
-572662307
-572662307
-572662307
-572662307
-572662307
-572662307
-572662307
-572662307
-572662307
-572662307
-572662307
-572662307
-572662307
-572662307
-572662307
-572662307
-572662307
-572662307
-572662307
-572662307
-572662307
-572662307
-572662307
-572662307
-572662307
-572662307
-572662307
-572662307
-572662307
-572662307
-572662307
-572662307
-572662307
-572662307
-572662307
-572662307
-572662307
-572662307
-572662307
-572662307
-572662307
-572662307
-572662307
-572662307
-572662307
-572662307
-572662307
-572662307
-572662307
-572662307
-572662307
-572662307
-572662307
-572662307
-572662307
-572662307
-572662307
-572662307
-572662307
-572662307
-572662307
-572662307
-572662307
-572662307
-572662307
-572662307
-572662307
-572662307
-572662307
-572662307
-572662307
-572662307
-572662307
-572662307
-572662307
-572662307
-572662307
-572662307
-572662307
-572662307
-572662307
-572662307
-572662307
-572662307
-572662307
-572662307
-572662307
-572662307
-572662307
-572662307
-572662307
-572662307
-572662307
-572662307
-572662307
-572662307
-572662307
-572662307
-572662307
-572662307
-572662307
-572662307