5444
3304
30844
13822
20935
27377
21107
5322
28471
24336
8335
8279
17738
3829
7552
20860
30713
21180
9894
13624
2489
15448
4702
19319
18981
26287
4050
22989
23590
11747
16075
24816
7437
17231
11876
4043
2266
26311
18014
25445
24969
9199
12283
23167
11787
12434
8413
13482
18646
11193
8745
8624
20700
15595
24404
30403
6892
1306
11042
5366
18564
6961
18065
10747
12697
22931
7990
19044
13242
6467
17372
3758
4468
9056
20654
1769
28208
14271
27109
9235
678
15397
10172
12532
13117
22728
29425
756
18788
29978
16662
26027
11359
26921
15189
11183
21239
28800
29554
1525
6338
28980
20038
12082
727
24973
22332
25105
29432
64
11609
2067
23249
22649
22872
11239
23147
24434
7321
24169
21571
21467
17700
15804
23174
21395
32836
27460
14833
12364
24418
31605
33190
28938
15292
21725
7235
31563
6736
26971
13911
23572
8014
456
30842
4151
21159
1229
27083
22847
20830
9977
7137
25714
23287
31276
26262
7223
13512
9869
32331
27088
18414
25709
27395
9449
18627
16272
11387
24941
17534
17670
29863
17693
17767
28581
4702
18574
24013
12549
14214
28313
20518
23289
30298
5014
24102
20357
2994
20565
3884
2916
16387
4097
249
10680
6138
5275
8564
13739
6913
2560
17730
8929
25556
31340
5294
25995
24045
874
2134
5222
16198
23527
3001
5673
30343
26606
23046
17518
29290
20711
28212
1493
12011
24671
18892
1644
32306
28022
29232
32124
457
22771
8892
29593
20799
26086
11427
25935
32472
14214
9486
21973
21397
4530
14921
8353
32664
18664
5078
26522
8297
12165
24149
31045
17411
25038
15391
18035
24483
17984
2360
27048
10507
10004
2988
32885
11941
13955
1179
1426
32160
25263
25231
29999
15422
1634
29702
20453
10868
31557
11710
31048
26571
5396
1234
18593
10416
10383
1513
19305
16472
31427
4526
32570
408
3168
23846
16960
14749
30324
33176
2963
29859
20832
28797
31241
10459
19022
30420
3370
10347
9561
26825
19622
28188
14788
2158
24488
24212
17481
3741
2559
19414
1666
25119
18361
2834
31013
30925
21983
18073
11041
793
1064
17789
15301
6689
8923
31847
28382
14931
31706
7297
28300
25336
2243
31334
26298
4184
30840
20830
329
2181
19155
943
4328
4651
28670
19903
25316
1280
21540
9431
22067
16835
16497
11870
3922
23370
25264
5371
22833
6204
7916
31768
29983
26401
20424
28056
9077
15297
15742
394
25469
6914
11349
22834
27516
11486
32577
3633
25897
6715
3229
28007
24045
10766
10809
12925
2886
29008
20617
26906
2559
23678
29913
7441
29348
30726
20047
4255
9612
12186
19584
17137
4776
9894
5910
1506
12674
10636
5248
19559
30219
31755
16290
30442
10184
21488
4852
8348
27506
4741
32892
31807
30146
19122
10362
20631
20085
19621
28053
8191
2529
27797
21473
27287
3261
12521
31405
22392
17565
2162
25244
32408
6142
23796
31950
13092
7219
16987
11764
20010
5360
19876
15892
32942
28832
3252
19071
1796
19450
13204
20844
24016
28589
16694
18423
4508
30406
16634
2862
31770
33296
23306
17399
1033
11294
20461
7342
22996
29882
28673
18388
14733
19142
2428
25639
28511
856
29999
27753
2687
20650
21148
25608
27669
31582
6896
5697
11579
11486
2954
17807
21989
8984
20942
7158
21114
12910
28552
24400
8192
22455
9058
28098
1600
23261
16728
13333
25463
3023
31987
11144
12248
10476
21914
17604
362
15549
474
8012
10199
31188
24574
16759
29727
22508
31965
7671
11270
21553
24214
12012
17874
14162
19888
9652
17121
6959
8507
11272
14427
6211
7326
3817
16165
21579
5272
31749
9722
24356
28540
24217
14122
14364
23308
28171
12855
28381
29532
146
9617
22197
30157
4673
6223
7026
10353
29393
20910
28903
5700
11041
6822
9383
8817
9440
19992
13482
14965
14901
20220
6531
6975
30596
22201
19543
32246
20473
8385
19937
14191
33130
7598
20849
12582
16343
17170
12260
28322
16860
17783
28283
26251
1317
33154
30653
12361
291
16148
7997
7179
4138
2470
17152
26395
11956
1482
32336
19941
14191
2298
10612
5209
13092
12952
29312
13202
2988
5885
7596
28937
351
24643
31286
5840
19906
20498
8237
4359
23054
26827
1170
2592
894
28603
10377
29825
24002
22891
3980
9862
21018
16610
18870
1226
9039
27573
31153
22411
22592
28394
20253
3498
31831
9720
30277
5336
12871
7871
12994
22403
20409
23979
20
16027
2387
8697
13651
32656
13752
24105
12143
23510
31871
21767
1624
1665
13826
14561
4277
380
7921
15891
31980
8875
32908
32881
29047
8380
26920
25254
21276
25529
27230
16498
29250
26829
31951
29177
17063
19979
3515
10817
24055
17328
5220
22804
1954
1078
14995
8362
18598
1314
14290
20566
6739
31014
22352
18209
14264
5483
26917
30515
10736
31811
31001
28541
10848
13760
30645
13453
24678
10198
30721
29266
29490
3549
9275
17256
7632
7619
28568
8644
16621
20980
21875
26365
27057
9118
16659
1707
13637
3592
27057
6334
15349
2289
14662
11755
30347
12850
30535
11757
28075
1271
12735
17933
12398
27420
15816
32724
16616
8188
28545
27100
30918
8124
25614
15819
10167
3844
16840
29249
19806
30321
19284
23356
25002
23603
23817
14023
26760
18002
4830
22996
22439
25221
21984
20051
15971
22009
21099
17977
19907
8127
12626
18666
32468
6066
26370
25878
7328
27376
2272
1611
24447
1624
5122
32823
6460
23927
9766
27837
32180
7730
17204
8776
13410
22154
22833
9295
1870
27792
17833
28976
27593
6105
12210
18021
23031
32921
31764
13002
11449
27741
10096
24202
29763
26866
24557
14735
6810
19753
23461
14897
1646
30984
13430
8355
1281
27818
23787
32598
4095
32227
28065
5170
16626
16539
25718
7152
5963
25216
17587
16876
12178
21884
28935
26130
6726
19110
5701
19411
6988
20446
15780
20463
9454
23218
32169
3591
2924
31996
27733
24142
1041
14976
21986
13248
15970
6519
23179
14979
8791
12843
25184
4496
18803
20328
5843
29122
13603
26692
32050
6419
3809
19398
24918
9727
22790
24073
4053
3785
1997
29005
27037
2252
30364
935
24667
6787
14925
28291
12931
22957
8088
8071
12559
20785
11505
13390
26670
15624
7668
29748
30349
33178
9028
15235
21257
7441
19893
12830
17568
1591
15348
809
29469
3384
12753
19064
2380
1216
25737
23573
9563
3027
16095
17147
9576
14522
946
8979
26230
30411
21386
19971
8734
18013
29170
24070
28353
12561
31734
16344
7258
15477
16729
5546
13818
27389
33070
17151
19131
20481
13236
14312
28734
12986
30703
6822
7069
5219
6621
9333
6970
27162
29235
20256
27224
4570
32106
10483
10147
18107
2214
2139
16984
6068
1558
20072
16956
12257
7249
1952
1283
28053
22391
9623
19075
29802
31799
6625
13211
2787
2107
19891
32794
31688
23669
19358
304
13253
11417
16624
10194
29157
13591
15327
30611
25210
21687
23583
4558
3908
25974
206
15486
17867
10327
10631
4685
30348
5080
21170
23484
10422
16175
21097
21199
21730
8079
3458
6113
4328
25623
23713
581
23513
15830
31169
5659
29405
8213
16017
28709
12302
818
1890
17586
3356
19970
5503
25439
11979
12279
26523
1574
2137
17425
1242
30011
32725
7160
5085
23452
28990
18673
18519
18233
15462
19908
12967
3481
14109
1569
11134
19924
7467
13728
31861
1075
25328
2598
18262
12534
5673
9314
17207
9720
6806
22809
3589
4271
19712
28987
6693
30415
16548
29411
1869
244
8391
13477
29747
7695
26289
11833
31267
25475
26963
13353
20185
22515
23462
32995
20769
14242
21718
10762
3212
19129
20368
7584
3646
796
2583
24745
21968
22475
22256
17514
8955
30603
5095
21072
11013
25626
10172
2930
9554
27898
15729
5838
18191
15690
30124
6672
25585
17055
1137
20637
17452
29071
9971
25718
17263
18057
20642
23437
18726
33186
28082
21439
2866
30739
6737
16052
23930
3443
5772
18976
7830
30800
29976
21793
20678
32228
24820
2721
27507
11070
927
31061
25589
27377
14465
21951
16052
5239
5389
14263
18220
33195
22458
23758
31055
30912
29113
16361
12242
8380
1392
26718
9477
7390
25570
165
14800
26027
22748
12193
18986
5962
9855
9410
30685
31321
32187
26576
16301
24029
14659
29675
23459
7790
24606
13023
32881
12233
9106
9094
15969
2233
18994
18854
11730
23430
2653
24560
12866
26450
27956
20673
16778
20900
15924
26232
6928
9651
22950
7613
99
24469
7308
6982
15239
8520
144
338
14023
5712
22848
355
6132
8584
31770
13761
22354
6855
27920
4342
19896
29512
1072
23217
1808
30176
7552
9678
6192
14348
31136
27324
19680
26186
15980
10228
19264
9783
31596
21212
23151
25071
22018
20570
10608
9923
16870
18075
25947
2636
1968
4403
13855
13726
8097
17955
18626
10191
2045
12828
16709
21633
11992
11328
22075
2174
21439
32197
29942
1525
24661
13888
11940
11659
27858
10556
1268
13557
13633
7210
7295
28207
4258
22001
33272
447
21128
20072
19945
19472
11200
8678
32651
8167
14493
17719
25797
32281
21093
31429
10738
9466
26865
4856
27398
19907
15727
2844
7778
5148
14197
10218
30275
4210
14194
9254
18837
20166
5030
21856
33116
29335
11731
18041
31210
20354
19325
21429
5154
32735
12209
5140
26636
19943
1210
16812
18499
33001
13419
23998
29021
21909
17587
3687
11392
15525
12577
2896
31854
11174
1871
4371
11894
18450
15213
706
22713
13382
9171
11183
13591
14176
472
2931
21541
7111
28775
2450
19985
7885
32891
28329
10127
16875
18010
3768
6356
17947
30017
27990
30614
31214
30494
26721
26132
9561
10729
32543
28990
682
3584
8621
29950
27292
9967
10389
29347
5799
3101
27484
7288
9929
13107
29942
5894
3444
30453
22296
4858
30862
494
26508
8539
17021
26010
18308
3041
8720
19088
29780
9355
682
29988
16571
825
22219
18605
29499
31443
29569
5709
4590
12648
33168
22938
15797
21659
18376
28374
17435
22387
13237
12376
7184
18629
22423
29321
6487
25038
28622
1259
14153
5781
12232
31169
15445
21580
3641
14539
4320
25157
13898
17049
8118
20093
21467
3420
28413
2720
11768
7917
13547
31367
29173
3968
26398
29751
18326
28610
5135
29917
17502
26238
14478
29392
29140
27571
10620
31898
15307
32952
26465
21458
3111
18247
27955
5938
25247
19060
28054
7281
8688
18114
13413
3863
30936
28426
17680
19245
11307
14705
26256
1619
10011
15693
8921
14920
14530
32310
28674
26959
27203
9616
30180
8366
18815
6066
6597
28045
9420
13341
28215
11131
27098
31027
2279
3026
2837
15656
12862
32388
22022
24226
8777
19818
26953
16481
14010
17865
1471
17952
15677
21067
13815
32829
18587
26368
27663
1297
5006
18636
31035
21755
32419
10171
9960
21239
2078
908
8009
18362
10956
13770
32063
21637
32705
7453
17620
30359
19916
29783
6790
13225
4182
8247
14670
9089
358
29552
10907
439
9882
5852
14268
22877
29747
7102
1833
25107
2740
12381
14047
13506
11378
7570
16483
18824
6759
29331
12579
5002
2231
24563
18924
16193
9813
22696
25918
22142
12263
24785
32192
15629
32883
23035
30259
14006
17443
802
31827
5571
19028
21747
14493
4839
13335
3498
12062
32116
9624
2385
7171
28455
8439
13237
19093
10501
15040
13306
2848
6307
985
29601
14237
6283
14603
30276
22217
24359
6613
17737
16416
1180
21409
25872
33006
24455
29455
33249
6358
13407
12961
15849
30639
6961
21197
25495
5501
2689
1526
17704
30242
3117
8700
18202
31210
9068
22431
10582
19821
17504
13762
19022
31737
22942
1148
7501
5656
7293
20996
5726
23387
10196
15186
3323
21509
28375
29408
33217
15145
8819
18698
10412
11086
29939
12196
19021
32385
27986
27774
29558
9207
5362
7148
14836
11046
28336
551
7904
5701
14845
31901
25336
7075
25510
32957
28760
3909
22171
10124
20491
27215
27500
16297
1623
21051
29298
27724
13401
4644
8020
32371
4384
16796
7277
33279
14768
18854
28186
2492
30659
10201
16264
1522
27674
20151
11095
26742
521
14902
10214
25879
9073
22075
10523
7444
4798
15011
8060
27150
23911
16846
3445
18282
22360
9184
3902
21883
17762
9833
17506
18353
16908
15265
27025
12993
22753
5172
16442
23653
11648
7729
16894
5651
32511
15737
26252
28732
1186
16459
8266
2478
21841
8144
192
12653
22225
18070
19112
1043
25160
1982
28558
8112
25607
27013
28971
24634
5679
17333
5268
2071
18117
25470
27896
11182
2422
29206
6798
12569
8151
26343
14947
139
19693
4317
15276
25374
31741
15903
10461
16046
11207
29381
24185
31046
19694
21358
6719
21759
10362
20887
33100
11206
16254
450
17895
9137
22518
6264
5032
21027
10800
15018
13687
16417
21802
22749
19003
1264
5684
15887
31733
9873
16173
9394
28598
25454
19304
8852
715
124
26497
14368
3284
20371
2679
17687
27103
24685
24426
27569
32274
3619
29990
1965
23054
27602
9979
7643
26574
16100
13229
27860
20389
11232
3350
1969
30105
3117
8843
2059
20185
1335
1545
14007
8823
4611
15437
820
22797
19661
20197
5272
32925
7792
25694
2642
7375
22193
29613
18411
19078
15698
11920
32172
13135
27067
1696
27939
32590
20897
7948
17161
22985
12157
10
13820
9766
15719
18562
14011
22191
8510
32330
27977
16710
16160
6609
10976
24093
14878
31275
1096
2054
19885
9859
23784
17309
25224
4337
16566
29830
29229
29959
4989
19822
32079
9694
12138
8286
29246
5634
18472
25674
20923
28386
30333
11737
10296
5051
21419
3192
31958
8678
17121
12081
17977
32261
32356
20858
1187
20151
23625
15390
32883
19735
16000
17424
12087
7182
9532
28127
22426
31625
20925
19494
1674
29740
20803
33193
20418
17810
21388
30623
17097
26437
13112
9979
31374
6748
26851
7690
5594
24443
25971
25296
18596
14082
22212
708
26654
21972
25211
6962
21330
7865
3408
28582
21206
18117
32843
24367
13816
28293
17959
12560
29828
9892
22763
23796
16409
23465
16519
29332
22665
20064
13961
32395
23059
4562
32088
9742
22617
22051
12590
19446
18398
17574
21351
4014
4965
30805
5530
31131
14553
28843
6725
21232
14703
32234
10106
17680
17176
18511
31779
4416
4107
30163
30355
3575
2406
32358
19036
20111
15907
11808
9996
21479
12103
2385
5345
24709
23145
11241
22810
6007
13215
6305
2036
18454
31989
28551
9919
23989
11418
3385
13113
3524
5908
6113
22969
7791
19760
10698
3392
5567
9839
14397
9258
21550
20803
32064
18455
6060
3566
2646
22512
10334
31899
4084
700
25501
7757
24016
430
22242
20330
28239
29739
6435
29994
26470
6339
16084
30198
11436
31626
26826
273
9415
10422
26916
663
17240
7616
17915
31169
15345
12344
9946
27845
9842
10952
2779
11404
31770
417
20354
9362
29966
578
28954
6349
30681
14936
8925
17705
7222
28703
20288
29522
960
18227
30345
10752
7261
11632
2665
3751
12748
7940
19141
22231
2643
31347
30140
14543
4652
21987
27318
30805
27749
5540
24131
23963
14782
87
25600
12658
16319
5250
3145
27952
25819
19109
28658
9378
1924
16379
32397
11638
9870
2924
2640
3632
21697
952
24274
17166
1791
3338
29743
12426
23853
32553
725
32465
20676
18829
15915
32015
12465
22157
6768
5581
27754
381
3350
10549
3099
23914
26499
20109
11345
9440
30760
19006
29561
31326
12355
27130
14134
11411
5549
15083
5659
29919
12320
17543
10897
25028
11709
31301
876
12084
3228
30812
27051
6469
1778
5268
14443
19631
13361
22390
8215
23133
24948
10864
353
8210
14202
7003
28653
3657
11177
13294
1960
389
32444
4124
32012
15752
26911
28959
5310
6652
880
6209
1540
22773
22030
27716
27313
15314
20562
12855
25846
20163
1961
17741
4328
22224
11894
20099
30654
7932
25261
14977
10279
25010
25329
6603
18550
675
7981
104
30138
16809
4264
8233
4739
18827
11591
18885
5886
16303
660
32861
29748
19199
32681
25409
22489
26732
27818
13379
26351
19309
14020
23548
12872
28457
31280
2180
2597
13331
10960
7020
5787
9810
30879
32116
21698
16220
29178
10912
4951
8843
28752
17512
17660
13482
4755
10121
4875
5150
27097
17352
25210
23486
26044
21742
17652
2154
22034
31638
22189
2202
18243
25376
24723
22658
30158
7884
17406
4691
26521
16295
26795
6019
15291
15101
23836
5809
23132
845
31084
8250
20747
30070
15716
7711
4492
296
20409
23881
8609
26676
15079
5376
10381
18181
32922
20571
5231
20082
17962
21953
8655
24630
4027
8145
17238
24579
8737
15058
25305
5545
32555
11276
9138
20797
7215
13449
2381
18278
27322
2059
5627
27532
30077
31782
21878
17491
17111
6912
14454
817
29341
14199
26376
16297
17477
20591
28698
29305
30935
11154
27687
5906
13697
8733
1291
7771
8450
22439
27418
147
18226
28682
20938
20532
31826
8669
16232
2284
2257
25456
17588
30270
29693
26717
7289
23407
24933
25891
23302
7103
20069
32853
3663
30009
17864
4413
18988
12081
10877
10772
33091
27215
21326
20083
21787
17870
18241
13614
22331
1140
21119
26403
13833
5820
17160
23418
27911
30335
27292
8722
4837
4207
2460
8474
25277
13307
17317
14978
25811
284
30344
26133
32080
16314
12224
7945
20190
11701
29348
22692
17653
12880
31822
2599
20304
20869
19692
10133
10679
33191
7414
13572
544
22993
3092
7973
3879
8459
25087
28518
15742
27717
24457
2266
2499
1059
14256
3662
30952
25479
28972
31294
25067
23665
21999
25334
21486
1902
17004
3356
19363
5515
1516
23942
14809
2690
18924
28211
15410
7939
16003
15082
14888
21776
21389
20189
1136
27432
24229
17232
21641
28668
24791
27659
24587
17399
701
17231
23497
17653
25988
4504
2124
8233
23031
18862
19195
10603
13023
20712
21264
3764
32561
8994
12635
2318
31550
23371
31023
26406
11383
15576
24031
23591
8264
23803
24154
14145
3385
14210
15456
29096
6816
7455
9921
6348
12707
18104
31624
21159
13385
1302
32613
26930
33123
6508
28375
11566
17936
17686
3150
25502
11910
5927
26918
26190
4415
6378
621
13428
24438
22953
28403
32255
3987
13277
2090
868
7459
2137
2779
19747
3849
24511
7706
1687
8892
8984
14715
11307
20799
29822
28469
12103
26012
21589
14526
13344
30244
25486
17455
31069
22750
5516
8156
6227
21435
23238
28938
711
3344
15620
11369
24041
16199
10087
20753
7435
23439
30210
25415
2563
29696
19380
31410
1815
7484
18804
8513
28767
520
1374
21730
2408
541
549
24842
8928
18477
12788
32651
15291
21997
2574
8
10320
3025
21185
25082
332
30074
11362
2138
20406
1352
33037
25589
12210
6591
23821
15881
6872
5272
27042
32907
14317
28055
3320
3089
21061
13856
4463
14211
10283
6649
25380
23845
4881
14767
29065
25117
15962
26410
7431
15108
8713
22276
27358
226
8106
18234
8844
29933
13686
17938
25220
30007
669
29623
24890
2060
121
8024
14560
15090
28374
19781
8242
1468
16586
18791
11864
27378
1001
1796
19787
30818
17333
29265
27234
26329
22656
6740
26365
25721
11825
14708
20889
30234
8417
28369
9675
4737
507
20655
17446
10554
6910
15356
12719
30418
12605
16379
1229
11327
6942
29366
10616
12019
1060
9722
32867
761
14001
24838
27696
2002
2914
17562
17928
19019
22183
25626
18151
22705
19377
10073
20364
8220
14867
11512
29475
13717
2866
26812
18360
2943
29597
30511
28466
14079
20647
18226
22968
24615
19132
31998
12375
32496
1609
2703
19382
2894
4536
26944
17555
32605
27349
25174
9301
22435
11578
12154
28094
16585
17928
28901
3433
23089
16713
11506
15580
22419
10228
6663
835
32062
23935
17885
16737
15721
16039
22164
16130
19682
12020
10822
31099
2356
15654
33051
7485
29417
13323
30909
20812
30493
16421
11267
6002
4756
30047
25159
505
25879
32546
6725
20455
26884
11427
4375
19548
33272
1270
98
18833
22661
5766
32067
12631
23958
31671
8759
17947
6202
13403
4049
24087
21051
21879
6583
28170
23441
10137
25461
12484
5158
4996
21387
7438
18248
12058
22662
649
11639
11795
29625
15037
6190
19091
5444
8867
12756
5523
6309
29620
23013
24519
19993
26680
31156
16385
27553
2048
18985
16846
7509
1129
21916
28732
4044
16301
3652
25744
28481
24323
16687
14157
14408
31757
1965
16293
291
17806
22227
1154
3793
18314
14299
12325
10543
23003
5925
14020
10635
27304
22151
11142
7287
29162
4996
26881
16735
32369
26983
9905
6521
24666
9127
10184
27450
27943
13348
15777
15237
32276
11803
30762
32574
14453
4142
9385
28103
3965
27025
2329
12570
5492
19437
24159
12318
33154
31931
3788
26126
12160
4674
3347
12085
7637
7637
6536
18113
15515
23518
8571
6670
31523
19330
7953
12289
3218
21459
21206
28223
31382
13427
30164
15195
22011
2320
11744
20511
6087
30534
779
16011
30348
16187
5852
16161
22475
8620
23599
19469
21049
1168
25843
4766
19591
32842
16762
20229
399
5393
4537
29933
26158
28008
14221
16193
9764
3963
3423
11950
17215
24178
20554
30761
29694
31634
11332
13751
17779
22829
33177
7233
31376
6855
7670
32901
19946
23940
29987
7919
15162
25579
17846
32108
26819
3781
5089
3222
29596
15157
32894
25858
24442
19352
21281
5079
705
26748
4572
8830
25525
25353
25601
10888
2369
32209
15459
17471
13251
8980
3476
28241
26167
11962
27505
16859
20285
25425
30282
21171
20536
26517
17100
15438
846
22050
22078
22722
12398
3546
853
7297
26266
7221
27613
26144
8703
1118
4819
642
6134
10551
11674
27191
31296
15189
5573
4302
14861
1033
6062
30489
32436
20802
8774
6180
32566
19557
3211
9337
1170
4381
5662
28219
18297
16869
7300
4149
24576
23132
18172
7297
31141
19093
19792
16831
29403
29117
30284
11776
11827
7344
30886
12877
29326
15676
26042
11480
25036
15856
3722
20193
3434
9388
17309
19963
16594
10953
22365
1959
1252
14291
10788
20353
17438
14677
18000
16358
10467
11509
7389
6148
6350
2903
24947
31633
24067
16258
21982
2209
8504
10435
30605
29538
24868
27284
883
26691
9918
11644
17291
4074
30377
21287
30629
30903
5897
29605
450
24859
11802
21036
28965
16893
32445
13025
4686
19152
8219
24848
29701
31696
1034
292
29780
16224
13724
4567
19395
21266
31573
14398
26616
8369
9688
6412
32444
25030
2646
17366
19987
24672
825
14725
18879
8369
7723
19791
124
25645
23504
7705
33109
6105
3377
18704
8656
29788
19498
20596
428
29803
8841
16997
16496
32047
25723
20414
7929
17011
26286
7344
18069
7178
12087
22430
19646
30878
11009
17944
8489
25559
32222
11298
24538
28029
11646
15574
26691
1614
12338
8603
18526
9480
1058
24166
3725
975
30821
17203
15525
17566
31183
32172
21384
30259
20866
18352
25035
16395
17768
11732
30475
21480
30759
32544
6810
18076
4127
32533
25032
18258
7129
3171
10425
5154
27441
1563
11765
21310
8274
3001
1913
7724
1848
31922
416
12958
33079
20869
2413
1395
30271
23760
7371
13416
8479
1287
17491
24378
31285
29526
21165
24051
6865
16126
29939
31802
1339
28542
10382
30834
24562
3806
19846
1231
18931
15754
22099
5952
24641
15242
24440
2687
31099
12642
15154
7162
1752
22036
2498
16110
20263
6684
11142
1351
26605
11010
28044
15513
1117
7698
15803
21890
11184
27258
29324
25636
22505
626
3254
14282
7309
20106
23854
9067
31934
10225
5111
10017
25942
15696
571
26971
28843
16442
27337
18331
31228
27605
8203
19240
267
14981
19019
15066
31623
17194
12523
25520
2950
29558
21536
1849
31090
5545
30262
16377
12845
8196
30698
32517
12020
7993
16357
19794
16297
21116
30473
10645
13000
26920
3994
12890
14724
15862
22864
11369
2775
21888
6076
20094
26081
30329
20479
20392
24642
25247
8378
32877
13682
14264
5354
28700
18960
28736
5704
4606
14406
14762
25736
8420
10050
9811
30075
9753
14172
25182
13151
6917
17741
19872
17545
33104
4058
7481
22212
8234
2271
3153
30524
30988
20359
17293
27924
32871
32015
16348
24044
5372
6905
16622
23118
31299
29105
4540
23623
187
12935
32985
25516
22532
17309
19061
28086
7973
6344
2986
972
2915
27974
26445
14674
11049
20582
32296
20847
14182
30712
25616
26930
981
25187
33158
9413
22224
15821
22918
10433
32720
1467
23992
15747
27290
6353
9658
28970
12903
30593
17202
2191
5678
2297
3927
12013
18361
19435
22660
30079
12010
25942
25544
996
23373
31844
26859
33187
27643
1326
22537
6038
13123
8143
18207
4606
24931
8625
16744
9973
22487
5227
25471
32001
4098
16504
32136
23279
19308
7037
17519
10992
27631
5874
6684
26987
30597
22836
26116
14969
6124
21895
20647
26289
22594
30980
3003
19812
23201
20917
22524
7590
9111
20651
29960
4809
3052
30168
26254
12019
26583
25694
25564
9090
28880
6544
1080
24674
18795
3743
15886
16416
288
5746
30908
32965
7340
3865
7087
19304
8925
26894
17350
17941
22793
20168
335
10250
18105
10028
28053
14288
2426
11923
27491
8661
32906
18393
29731
10813
21777
864
30748
26599
26846
16425
31764
2203
3080
4433
13422
15234
23437
5663
25508
25605
913
16957
25386
3652
10025
25494
9759
21327
24877
1792
29706
23486
2167
28981
30101
11793
11172
12762
24193
7751
27619
29194
25721
20364
21549
29723
17733
26985
29754
27349
31255
17181
228
22840
25417
23800
30024
327
3578
16066
11085
5235
16577
28965
29065
4238
11805
23081
25571
16569
3220
16712
28133
13750
4741
31912
15701
11364
18607
21983
7664
5741
1085
25694
17849
20263
791
18348
20168
33218
31737
4463
28922
13308
26487
9772
917
6655
21668
752
23967
21680
10412
13615
9342
22510
9055
25772
16330
5567
11954
5039
6936
24166
10319
14415
12966
9983
22771
6486
3109
20959
23894
5078
12105
17867
17443
25303
11975
21850
16155
6556
11873
22768
12356
18546
23398
28769
1939
23566
25838
27401
9469
9395
25585
8732
12387
27472
4104
1