19133
7998
20693
18553
16819
20567
22911
22453
12993
7806
32444
28793
13386
12766
30593
29156
21184
10355
27410
30516
4856
19308
18304
17127
11265
12472
32179
17671
528
651
22130
28095
26718
4402
9812
14196
27480
30416
19174
27976
6409
11213
6812
24346
32486
31240
31577
10817
798
10815
26660
6583
13772
9496
20866
2353
8941
7359
31129
23795
29823
31220
7424
1500
10982
14368
17886
17849
32069
876
19707
6118
12249
11706
30015
17288
6260
31373
8575
31115
14714
23519
7501
26111
3379
652
8535
18503
10758
11111
32406
3527
8694
17614
4619
14329
21616
23577
26076
18175
27196
28764
326
26675
16744
16750
31389
13147
11150
20664
8702
31206
11365
29763
11531
22566
5481
2425
9876
23882
16031
23591
3854
22176
6561
7569
32817
17793
3697
13109
24875
31631
13849
5916
28330
1963
19609
3428
4288
11850
4578
1154
28882
164
6273
4275
31805
13846
13418
15960
7060
9476
18598
14355
24219
24877
21182
12412
25324
6854
21055
32558
23278
29091
9715
131
28767
25433
30882
13666
13441
29544
5005
20795
18853
19635
4856
22811
3076
16217
29112
17613
9338
12214
13465
13477
22879
17980
32043
32173
10597
3592
9679
33252
17448
23144
23417
23244
21076
24438
18824
10070
6328
8024
30290
1516
1148
1908
928
19510
19333
9764
25392
20029
3516
342
24746
1560
1818
14705
33185
32520
15806
470
24435
18539
18630
19295
23494
13134
28734
22080
19641
6923
21309
7312
31129
19748
6316
14102
1273
2468
9192
8334
25643
26771
31637
754
24197
24843
15423
16451
4918
11855
2541
9450
847
32596
24838
3902
4437
15433
8170
31400
7547
20831
22346
14511
18770
17279
13315
21110
12780
11052
32289
69
989
32542
28943
31141
353
12043
22988
31044
14384
1024
20949
21823
6132
23153
17295
15273
17038
21586
24732
31584
12576
22729
25181
20419
12463
27531
12719
25733
10495
12033
32988
14465
25665
20514
27475
32444
3293
30828
17258
9818
23198
20903
5660
24531
31349
9267
10716
31352
13011
11825
29185
3840
10642
27427
19402
6713
25556
5793
12892
25502
20138
19267
8137
31824
28099
1479
10873
987
32642
3572
7983
23499
6088
23394
18989
1362
20368
14506
3741
6327
8721
13513
2196
12416
8172
26136
6922
17153
6792
27613
7343
20479
8754
16443
12153
27626
24851
16519
13473
28695
4326
4509
3879
25861
33189
21625
14193
14128
4744
30964
18360
31848
20653
3692
19622
7733
22834
18346
20856
2381
9815
27779
33154
13740
2763
10684
23887
94
11549
18338
11655
31263
17430
21043
27603
22884
6041
16015
20649
4210
32306
7169
5049
26399
24922
6967
28699
29225
18568
15919
23993
31829
11515
1527
4326
13155
27781
5158
24181
8211
9832
18733
12487
10131
24449
1498
2189
32187
750
20079
21251
17183
655
17353
20670
10870
31423
13768
634
22086
18017
8458
21189
29973
3581
4197
8970
26847
3852
10088
32756
8394
13086
20885
12470
23378
29457
22898
23939
15838
29682
28945
1472
14017
9036
25248
1429
26382
26923
731
13210
31341
16041
895
11643
15284
6943
20188
4585
13926
32580
23420
964
629
7961
923
26181
13139
26715
24710
21974
7475
14737
13737
15498
14551
5659
33151
3775
3178
4394
16138
12245
22816
277
29611
21299
30224
28143
10486
30126
19026
3941
2906
23346
2488
27490
24135
8535
3024
2076
25890
21546
29534
18538
8433
31693
23114
28176
22019
161
24029
18767
23903
19103
24668
17776
13556
8651
28419
17154
28291
30361
20863
10543
2497
15922
30205
1549
30262
3305
17359
17719
6097
16006
5570
23684
25108
31696
12129
10512
13065
7932
20000
20014
28246
27442
8541
31309
5925
11669
11700
513
5916
1159
19806
2977
25593
1188
31850
30036
33138
29991
4777
5922
866
24211
11771
22000
10967
5673
24383
15663
4228
28112
24325
29040
16193
2553
151
24272
14647
10842
3631
26797
13138
8915
13913
17228
10480
19563
12937
9226
24066
8989
16657
1301
27567
26530
10622
8940
11857
26015
30767
25943
588
20556
10282
28377
22504
21527
27105
7597
5286
15410
21735
19333
17391
14722
32435
14106
11655
14794
9843
22179
6052
18441
24767
29223
25499
1688
1982
22048
27000
16720
4318
13080
13138
18354
12921
12149
17235
29959
5997
20723
32740
2222
27342
12004
9903
32425
15380
26596
14202
21717
9912
4404
24888
27308
2166
23230
2976
10772
19472
30301
5082
32584
1111
17099
17652
6474
23057
6896
24439
1141
20439
155
27757
2929
26459
11149
8470
20164
29469
4341
21765
5454
6323
29604
6443
13945
27091
4985
12842
25946
20959
3125
22686
15697
5871
33165
789
27301
31374
20782
31403
25534
10880
26984
19048
29089
5664
20878
12149
30936
30381
17152
5028
12052
7821
11955
30313
4224
7072
32036
21520
2554
15503
23930
22304
2973
24333
30991
9589
18398
2178
31271
26696
9016
12673
4819
21823
7976
13187
9756
28528
23220
19482
7973
7502
9566
15293
25841
3127
21993
31623
22654
16193
4064
3183
407
27097
32913
66
4184
16977
27795
15283
5856
1185
12484
1587
31496
8736
15155
184
10401
7866
5984
2891
11167
2880
4854
28822
3633
28537
602
15876
1082
23474
25913
13691
29113
13353
2593
3705
24237
25313
15120
24214
25869
21617
30446
32118
10324
19875
18356
11663
6936
19510
7016
31828
19190
11134
19660
2403
30005
1068
2166
26073
1717
21799
4397
6414
22481
29047
9260
19343
21212
14923
21751
8459
5876
177
16411
11038
4822
3441
6007
6391
27749
26289
15770
379
11138
160
32104
21990
3264
17190
14641
21901
7590
10772
1837
12626
24180
25764
24346
27634
25267
6056
992
11822
28640
18770
32699
20058
21
26287
7907
9798
22254
26386
2603
25442
2027
6784
32977
10624
21553
14631
11764
7882
32093
18136
4354
16872
8382
26149
20090
31689
1051
23477
3512
3394
1150
23715
21381
9431
20795
14289
32666
756
16321
30182
23836
19167
5785
21658
12526
19866
11310
2881
31576
10265
27726
20191
22627
25160
12992
11012
7651
27705
23761
10767
15457
31845
10493
21877
11885
23889
28489
2058
18184
24529
13908
23654
22836
30448
18730
30951
4833
5271
5352
11682
8674
31932
11166
4816
29087
23637
32625
19071
15891
29607
8943
20017
17749
27491
12273
27558
22826
3292
26149
23353
20350
3073
24931
4278
19263
32109
30536
26006
6185
18687
25473
22263
853
19493
19465
25842
24654
24600
2130
5537
2961
10370
25497
14859
2357
16454
18782
6181
12519
16508
21676
1356
15610
17144
12185
29895
30346
30947
16833
30312
27973
16306
3716
13227
4711
11907
17311
2115
33103
23443
1758
2565
5165
5292
18333
28048
28054
770
11835
30612
19316
22927
28348
5463
12898
7877
6566
8726
15776
24212
26168
22162
8010
21999
31396
12063
30719
1111
23732
14730
249
25892
18573
12235
6195
5160
23988
29636
723
9566
16010
32584
5199
12300
13517
18039
14163
29986
21269
27962
31745
9133
22659
20707
21142
28564
25392
10834
14297
18529
28990
24986
17173
18590
15429
30767
12949
28882
6693
24026
18333
29578
25696
24627
23264
23973
9526
8169
29385
249
7891
7760
32805
32714
8903
9512
22278
19443
32214
23466
15071
165
17377
14229
30434
30489
4605
32778
6111
11065
1972
3471
18278
9871
10113
32058
15615
21510
29994
23358
23224
16120
18731
20323
32033
7897
17222
32305
32614
9666
2385
21231
16157
4661
7667
8970
17482
9540
13002
28555
29671
7375
16693
32832
5512
2345
11316
23962
19771
18294
16517
6372
24347
24931
19063
25315
1174
9821
31347
1321
10690
16439
15041
28603
6596
16676
26373
29429
6246
1728
27189
7665
4119
23019
11311
8587
9413
2167
3450
11229
22606
17235
3619
19850
277
30554
27851
24133
15481
20919
32320
21758
11110
25369
22323
29025
23358
9135
3824
22488
26210
989
25735
10272
20694
15620
29456
908
8273
6870
2930
15162
16014
29559
13949
10740
9915
11763
19940
3578
26581
15081
27434
25628
18995
29688
6658
20837
14980
18355
31459
21398
25404
27201
26152
24184
32310
24663
22101
22291
25605
28252
19507
28293
15709
16889
29299
9650
28089
20794
29968
7166
6265
10143
17381
1210
4957
23084
9791
25841
28610
24235
15097
7902
2396
3712
7732
31744
12513
17516
14788
7278
22601
26589
6301
12812
14897
19937
4520
18327
8190
20984
8252
22212
31941
22396
8933
17352
15974
18446
23901
12810
26937
30716
9175
20434
10197
21909
31361
26695
28707
2443
27002
30800
4385
30025
19124
22050
13382
4061
13924
31238
3872
27160
16004
31938
20446
28927
17764
2430
23074
29625
27760
16284
18172
19016
4485
25634
13507
30407
25600
3548
18098
6413
2759
4793
12047
10523
32567
32282
23118
28571
20831
9584
31885
6524
14314
6015
16665
8151
28524
16932
32532
25824
3195
17595
22631
6700
21154
1009
14274
3107
21503
5843
5676
20983
25775
87
8139
17432
12663
15071
13068
2957
17076
12570
8277
29186
23120
12777
1694
31374
217
26080
31741
7314
20272
29108
2979
13197
19117
8263
24107
30993
26206
4261
22548
27556
23292
26110
9002
7179
20920
29271
26329
5402
3751
4959
31846
26
18062
25149
28809
19894
24984
31965
26164
3463
28152
4110
17681
17580
15688
24507
19536
9106
5217
25906
2958
8612
13751
25376
22215
10455
25928
16715
17807
15228
7196
14013
24719
8286
27620
8559
24138
11987
31453
30814
17790
20995
2362
4513
8697
10760
21658
11859
30165
30407
10782
2699
25046
28245
3510
19776
29012
12982
5760
27958
27147
5756
11984
9494
33076
108
6212
8480
20806
8535
28384
23297
28719
6217
32581
21335
32507
6771
23241
24258
2619
19732
26666
22676
27787
18739
12544
25645
3418
27879
17738
13378
13595
384
30789
18250
13606
7143
876
28874
22290
26360
1839
2715
19570
23520
23599
14441
29363
9420
15990
24429
12016
12089
8531
4375
32887
12679
13524
3454
21439
5586
13236
5688
9101
3926
21152
12836
9502
11511
15049
4648
21467
22675
22131
28118
2887
26347
10122
28311
6508
1959
29622
3112
25404
17271
3636
27982
26268
14891
6279
773
27013
17405
6127
16957
23203
13869
7266
18656
20903
16108
25394
10183
30866
10727
4753
31896
29472
11703
13775
5366
21818
8681
4486
32327
22588
32834
7787
28558
17867
9418
4628
33
4812
8790
27596
6303
6814
20616
20039
2060
22865
22288
24462
10592
24885
6517
4165
30769
28199
21791
8436
5592
7779
30404
26727
24608
2183
9511
1191
31500
20609
3886
6930
19211
18208
24440
1215
5873
26719
29655
11438
10984
4343
24478
20204
9033
5680
5872
21060
23109
31600
31589
26578
26481
8025
23130
31112
3330
18791
26860
25732
4413
4287
12456
27244
31633
30837
30692
2613
1901
21006
22495
27944
31241
29751
9136
27323
11303
26626
12045
3540
14517
26073
31422
26718
25958
14397
29064
32841
832
25281
319
8558
26078
23478
10706
7746
405
32449
2871
8578
3687
4262
13224
1795
13592
19169
5875
16616
26879
32328
9862
15093
25494
12504
26833
10727
21237
12734
15921
14564
7909
30357
2250
28788
14557
20737
787
32885
7921
30937
20090
17487
825
18541
17116
3265
5893
17916
1566
19712
1246
2788
9700
15749
23513
6981
21644
15870
27927
23287
20395
5229
16711
17499
4147
2808
31597
11240
26412
6706
7400
22851
26923
3592
31785
16124
12367
32895
15729
17252
8319
6984
895
32282
3022
1809
13792
32981
33152
28812
20833
31107
4486
20509
9828
28832
9091
20099
4940
8342
10832
26550
7470
15841
21855
15155
30739
13786
22067
31046
19588
892
12235
4321
31235
13405
8567
19580
11084
26838
29480
30115
30742
15471
17126
27833
18510
12061
18986
30600
21226
22795
28271
16846
25622
18618
50
7733
3217
23935
18559
30793
4673
30625
16082
17659
11378
10265
29728
28531
1247
8179
15504
4348
338
21856
5357
29226
22645
32227
14712
8778
5399
28970
14430
32910
25758
6576
17083
175
29040
18829
15654
31120
19112
6361
20772
17821
12946
4649
27267
2265
8324
30577
11811
31955
7451
22972
20881
27519
4669
5827
8058
18933
14220
31829
2754
3604
22787
30425
14846
7742
29458
30527
19664
16593
3055
6419
21584
11200
21398
13831
27578
14771
9864
28816
31824
22518
13086
31381
1104
10195
16262
13834
22470
16977
12718
7788
26028
24921
28812
15720
32248
18574
3879
33173
13047
5210
19965
3886
10491
29799
24521
4727
15204
16695
12948
22645
15374
23014
9178
5880
15536
14883
10377
21309
7685
1381
26774
3369
1385
10849
17783
33149
12253
20250
24050
3792
156
4203
20645
24640
129
13178
29249
9839
12537
2855
25719
12413
16855
2374
33170
13331
17268
25695
3081
14118
11429
14121
23180
4295
25356
14320
25906
31466
12738
30855
5013
19275
14065
2936
14301
23946
15676
2636
2560
1256
16617
23271
27418
18494
22998
21033
32154
32626
19371
4657
19898
15605
19936
2538
6355
2052
1