1134
6727
29486
20006
29663
27340
4564
29215
8602
25331
25295
19215
32384
13655
17593
28197
18457
30859
13978
4416
31558
31500
5983
14054
33031
4409
5103
19214
8335
11261
1928
5259
1651
14168
9419
14842
26912
32119
2763
30649
21923
13477
30453
19112
2564
150
30073
29154
25230
12460
16743
24411
5425
11669
18690
25487
23859
15994
6619
27161
16152
31091
1508
18973
14935
22598
25770
20039
22594
6105
11120
10340
22175
10803
6182
15970
20067
1845
28448
27857
14120
28683
13681
17002
20949
28838
28956
18135
5112
10508
8087
27594
26901
8414
18319
11040
2099
24696
20785
25735
12541
15484
814
5229
21735
8399
16552
26670
23706
9642
24238
6523
27524
23183
21550
14612
17298
25221
1429
31520
20363
28643
26628
11234
10499
8145
128
1