2386
650
8882
24390
8994
19161
8526
1699
22128
14340
30389
16471
25364
19741
9391
32275
26853
17332
2459
3425
8244
8729
29510
3058
25445
8172
2483
21947
30573
24767
16797
30927
774
31562
7184
18035
32858
25917
20196
3195
6870
25513
32960
14974
2145
1532
17393
24260
21342
21426
24650
11197
32115
27526
5793
20026
5950
4230
32357
19492
11992
13857
7852
28793
30015
6973
7625
19230
20108
30190
28395
33285
30045
7300
18428
19625
4392
16167
23115
27041
26244
21080
30871
26888
7097
14897
12971
18788
29496
18563
12983
9952
1723
16382
6935
28157
28815
13713
24439
22402
24538
12653
1562
4216
3680
17219
4828
17853
10214
14627
21415
5842
31195
26318
30192
9931
494
6864
17491
19096
2224
10407
8398
10053
29769
26456
23690
21901
23349
29012
17039
21086
5002
23474
25459
12437
31821
4391
16399
1413
21075
14545
7004
16248
3754
9334
6894
31818
22496
29989
13568
6116
15261
3372
23410
1395
8743
20291
20765
13858
21401
21392
24239
868
3681
23741
28560
24353
12111
20469
32471
8956
17128
13403
18411
12562
91
28539
20184
24349
21024
25638
4050
17130
25151
30415
31673
3610
13195
9080
23404
7335
750
5416
6644
16505
3344
11117
816
17675
9931
21719
3346
8755
32094
19130
11583
22848
18656
30699
6941
20197
17146
25480
2485
8745
4350
504
18309
610
27930
247
29603
24884
22352
26771
32926
13022
7352
3035
461
8495
15666
18656
30571
27827
21735
9853
27843
32009
25083
19149
29997
18683
32272
30355
2223
25934
12158
5976
8126
32233
17507
3675
273
1