16
12
3
8
16
2
10
17
17
1
17
12
14
19
17
5
3
5
1
11
15
1
7
0
5
7
4
2
17
2
15
13
14
18
13
2
12
16
12
9
17
9
2
11
0
11
8
3
16
10
14
4
3
1
16
0
1
0
14
18
14
9
3
0
19
16
3
4
12
15
13
2
16
7
5
9
10
14
12
19
16
19
15
11
12
11
12
13
12
6
3
6
8
6
7
7
15
2
11
19
17
17
1
5
16
7
14
7
1
19
6
9
18
1
0
10
4
4
16
16
3
19
3
3
6
2
2
13
4
6
12
13
3
14
10
11
1
5
18
14
4
16
15
14
9
15
4
14
12
12
10
7
12
5
10
10
19
12
3
3
18
15
8
13
1
19
5
2
4
15
8
0
12
3
14
1
11
10
7
15
3
10
2
7
15
4
17
7
16
12
2
7
19
11
12
1
10
17
15
6
5
4
18
17
19
4
10
10
6
10
5
1
0
19
8
7
3
17
14
0
1
17
19
1
0
11
14
10
1
9
8
6
5
18
15
5
14
5
7
0
15
5
14
15
4
14
15
8
4
9
0
5
6
19
18
1