6
2
4
8
3
6
8
9
11
18
4
8
12
2
8
5
9
13
19
17
17
13
12
5
9
1
17
15
0
16
5
18
19
10
19
14
16
7
16
19
18
0
8
10
14
8
15
16
1
6
13
10
12
5
8
1
18
5
16
10
14
14
9
13
4
8
19
0
7
15
19
5
8
19
8
2
7
15
18
0
2
3
11
14
0
11
7
19
16
16
1
10
10
10
15
14
10
15
14
10
2
5
7
10
17
7
13
16
3
3
17
17
7
0
3
7
11
10
18
19
6
0
10
16
2
17
10
13
4
16
15
7
14
2
17
11
2
2
7
5
6
16
14
13
16
17
12
19
7
11
19
6
11
1
2
13
18
5
18
3
13
5
2
7
0
19
10
2
2
18
7
0
6
1
5
3
10
17
14
17
0
13
3
3
6
18
17
5
15
7
0
8
13
14
16
13
13
18
15
7
8
14
7
15
7
4
10
9
2
4
6
14
10
2
18
16
12
7
13
7
14
5
15
19
19
3
4
13
14
11
12
2
17
12
17
16
16
7
5
10
12
12
5
2
6
3
18
10
10
4
17
16
9
4
16
9
0
12
14
14
4
6
16
1
18
14
18
7
13
3
17
5
7
2
19
5
5
10
15
7
14
4
4
3
1
12
12
13
4
18
7
8
5
15
2
15
1
12
2
15
15
12
0
15
14
0
0
0
10
8
19
16
12
3
19
5
15
4
18
12
2
17
12
19
13
14
7
14
6
1
1
14
13
2
9
8
14
9
0
16
9
11
12
14
15
3
19
2
19
18
14
14
15
7
13
0
13
12
7
0
6
8
14
19
2
15
19
16
16
11
4
6
3
8
0
10
12
11
12
3
9
19
17
17
18
3
9
11
15
16
3
1
5
9
13
7
4
12
16
1
16
0
19
19
1
11
1
5
2
13
8
4
4
6
13
2
9
2
14
16
19
17
18
16
19
11
3
3
15
19
16
3
12
15
2
13
18
15
18
1
9
6
5
13
4
10
8
13
12
14
10
3
11
0
19
2
3
15
6
10
14
2
14
18
10
8
11
8
4
1
1
5
8
18
18
12
8
18
18
13
12
0
16
16
0
8
18
3
3
4
5
9
19
19
8
1
8
11
1
12
13
3
17
13
1
7
17
2
18
15
15
1