5051
19738
29853
5358
15087
29797
11510
26534
25850
4996
17903
5077
39
14694
26825
30318
24977
31232
3547
32539
10600
4800
28423
12575
27476
18788
23328
7162
18766
20753
14912
8391
24570
21594
7920
5384
28378
16065
23765
24619
23802
16295
31141
21904
17612
32776
22944
28087
21639
8744
6431
25657
23706
32034
17570
32206
9030
21086
33197
25811
17950
19917
23696
24549
14838
31300
6609
8933
8119
10457
18255
31756
6853
989
8946
2145
32307
174
24169
17420
17170
22208
22977
3291
15857
25671
14400
27057
8676
27862
20139
20820
246
17093
4711
6917
20461
14486
5194
21413
23279
17446
3300
14989
18031
15324
8567
32014
5991
5192
8937
24584
31522
25843
17411
29275
29885
16161
29603
32447
19618
24322
14617
6420
16262
26926
13831
28960
10778
29008
13238
4255
9494
30865
24128
7089
6789
3276
18843
31499
15657
882
30536
21804
23825
30765
4505
15076
21983
9395
20380
21217
25602
22809
24842
5870
14171
3169
21749
8899
12683
31945
29166
19988
6420
9376
24460
21104
6486
6349
5894
28069
7519
28908
31461
28382
1947
23432
19477
21082
25338
33291
5482
26941
21140
30894
16054
12473
3306
9947
14141
7623
25969
2211
28135
11364
13455
22232
17435
10704
9145
31220
4022
27883
943
2255
94
3703
20055
30858
18074
9427
20002
23654
6696
7541
788
5672
22271
29909
19140
19982
26680
15972
705
15724
24055
23186
3675
12219
6209
6259
24571
13452
15516
27984
24671
2091
20678
3062
23496
3586
30188
31810
29229
14699
10640
2285
28865
7626
20858
18068
6056
1674
30675
28779
2129
17402
30733
14260
30380
26914
21694
26138
15351
13676
2917
20918
14272
3752
27475
24363
31371
14789
29213
19849
2735
5028
31235
13696
23294
6805
16610
11174
5704
30850
16079
33246
20538
14651
18626
21508
11096
22632
28349
8470
22870
7507
13304
15082
6707
14274
2708
31847
12452
11805
28807
7419
32112
6024
19296
23767
25379
22819
3957
7906
22208
24376
21572
6145
24750
28607
23075
31643
7772
23189
1092
18957
13643
15896
13407
780
3430
26227
2978
3752
10216
22485
32563
32408
15292
30562
13534
16705
32763
5569
31443
24721
24930
16955
1736
11066
32814
30341
32452
9196
2331
21647
13694
30582
22506
26011
9497
31446
5666
16504
29652
28800
4979
1601
6365
14240
14989
12161
11068
3201
1266
21516
18524
8096
11213
5778
5320
19235
3918
21214
7356
12376
14433
24962
9720
7121
11734
29416
8406
21019
14948
6703
19172
10121
20664
13040
22627
22668
30028
27264
12205
29615
20566
30602
17176
10093
2434
22671
14459
18136
7223
13989
1680
23168
23772
7852
19288
21548
11696
9336
31511
26216
33236
16423
2598
29724
29146
10691
4347
6791
32611
18123
25147
25248
14762
2494
20416
28620
15945
21377
14783
18997
2564
22012
22309
17787
8028
24544
14508
17386
18511
23092
20971
11776
16822
9251
1423
12889
21601
12101
12161
33142
29838
3376
10722
16162
724
24436
30308
4120
4455
26770
226
11375
3636
14987
32159
18658
1998
15927
24780
19935
4578
2446
18712
18071
26027
25784
3250
30959
15610
31131
27899
24488
20528
21359
15042
23252
25268
3524
18048
11268
19671
4766
526
1