1
1
1
2
1
4
6
4
1
8
28
56
70
56
28
8
1
16
120
560
1820
4368
8008
11440
12870
11440
8008
4368
1820
560
120
16
1
32
496
4960
2659
1570
7065
2455
28485
9358
8203
16406
12060
10869
26644
5332
30641
5332
26644
10869
12060
16406
8203
9358
28485
2455
7065
1570
2659
4960
496
32
1
64
2016
8363
2657
31884
13817
19338
29555
24793
19808
3391
17752
4406
25565
29715
9831
29717
31343
4023
17377
9451
10904
27151
31120
16491
8086
23714
414
30370
13231
22031
2947
22031
13231
30370
414
23714
8086
16491
31120
27151
10904
9451
17377
4023
31343
29717
9831
29715
25565
4406
17752
3391
19808
24793
29555
19338
13817
31884
2657
8363
2016
64
1
128
8128
8366
11680
23256
10534
7573
10476
6476
30443
23834
15925
8896
1715
13034
21288
12923
18640
29045
16766
594
2889
19106
25312
8059
25522
15014
18478
25823
21944
29625
1345
31159
27316
17227
8427
253
13751
18925
21295
14842
11715
23430
28612
17888
12006
6776
28085
9154
3807
13658
29190
9813
8079
31456
21976
11985
20987
5145
14242
18060
17368
11852
30769
11852
17368
18060
14242
5145
20987
11985
21976
31456
8079
9813
29190
13658
3807
9154
28085
6776
12006
17888
28612
23430
11715
14842
21295
18925
13751
253
8427
17227
27316
31159
1345
29625
21944
25823
18478
15014
25522
8059
25312
19106
2889
594
16766
29045
18640
12923
21288
13034
1715
8896
15925
23834
30443
6476
10476
7573
10534
23256
11680
8366
8128
128
1
256
32640
32838
28992
2613
26058
17244
20554
3960
31210
22867
3429
15689
27316
3345
23327
2189
27215
6141
11164
12873
33063
26536
13413
3257
30218
15672
18757
22303
23345
29469
31333
7833
30807
15579
4060
6140
23117
23338
5060
28282
24259
5339
14493
30537
27862
18210
16850
19876
27673
32116
1092
29336
11612
25089
15719
5495
20576
29542
22624
2816
9931
29524
20350
31933
20260
28626
11982
28303
13289
10893
12726
25690
7729
28524
18857
28512
1391
7771
30930
14171
26588
24845
26986
10728
31399
2025
20161
27580
10475
7398
3857
18260
6865
15212
15799
14731
29677
25499
25714
30155
443
29437
17370
6116
29447
15138
26435
16035
28997
31540
11100
25049
31129
24538
6286
30007
20390
1818
17061
19176
16852
761
30626
23816
3089
20468
11262
20468
3089
23816
30626
761
16852
19176
17061
1818
20390
30007
6286
24538
31129
25049
11100
31540
28997
16035
26435
15138
29447
6116
17370
29437
443
30155
25714
25499
29677
14731
15799
15212
6865
18260
3857
7398
10475
27580
20161
2025
31399
10728
26986
24845
26588
14171
30930
7771
1391
28512
18857
28524
7729
25690
12726
10893
13289
28303
11982
28626
20260
31933
20350
29524
9931
2816
22624
29542
20576
5495
15719
25089
11612
29336
1092
32116
27673
19876
16850
18210
27862
30537
14493
5339
24259
28282
5060
23338
23117
6140
4060
15579
30807
7833
31333
29469
23345
22303
18757
15672
30218
3257
13413
26536
33063
12873
11164
6141
27215
2189
23327
3345
27316
15689
3429
22867
31210
3960
20554
17244
26058
2613
28992
32838
32640
256
1
512
30913
26953
24742
9552
7920
25415
26687
29228
24905
7367
32839
20655
24989
3770
13040
438
12045
13461
10459
21447
7903
4759
26200
11909
1485
26730
8681
23162
33238
30173
11259
3317
16368
15171
9535
6563
32086
5726
2773
27050
13152
2806
22341
19220
4006
5001
577
3425
15065
22856
30999
32171
23696
32029
13406
7345
12262
17029
30331
29855
2863
20450
30038
30792
26904
7617
29768
20702
33014
9470
33028
17514
16598
19674
29873
25135
13376
8989
24926
10835
2125
5392
32295
9822
27083
31562
24524
29278
17723
28760
1300
15539
2308
3495
22466
6402
20994
12109
11048
32538
31206
1360
28403
31395
26611
14141
28053
20571
29046
17891
14402
27994
31377
9847
13318
27145
1970
5683
7789
25509
30165
32292
29330
13782
18544
13097
21442
1872
32156
32250
3778
6037
28755
13912
3305
6883
16532
7108
13229
22857
19147
33240
1925
14072
18038
15008
4612
4562
9708
17319
3669
24304
17301
14608
25745
14895
28619
19107
10727
4010
30889
8509
4909
10959
30732
22395
19230
11162
15469
30938
9836
5279
32677
29622
8660
4022
8692
22916
22414
29706
5721
20689
12922
11030
17243
5663
23429
6863
8337
3594
11212
32911
28540
20926
22631
30047
9960
153
2071
25084
4659
717
30959
16137
21624
8800
5219
13646
2563
1301
23053
15584
2478
23725
20134
3524
22183
19744
24479
20590
7189
1733
23495
10093
1766
758
17598
2193
4291
2211
12008
7427
30629
23905
30739
31582
30895
31518
28359
14320
624
22894
29880
29287
31381
13302
31670
4289
16900
4904
19351
27389
1838
22232
6709
22232
1838
27389
19351
4904
16900
4289
31670
13302
31381
29287
29880
22894
624
14320
28359
31518
30895
31582
30739
23905
30629
7427
12008
2211
4291
2193
17598
758
1766
10093
23495
1733
7189
20590
24479
19744
22183
3524
20134
23725
2478
15584
23053
1301
2563
13646
5219
8800
21624
16137
30959
717
4659
25084
2071
153
9960
30047
22631
20926
28540
32911
11212
3594
8337
6863
23429
5663
17243
11030
12922
20689
5721
29706
22414
22916
8692
4022
8660
29622
32677
5279
9836
30938
15469
11162
19230
22395
30732
10959
4909
8509
30889
4010
10727
19107
28619
14895
25745
14608
17301
24304
3669
17319
9708
4562
4612
15008
18038
14072
1925
33240
19147
22857
13229
7108
16532
6883
3305
13912
28755
6037
3778
32250
32156
1872
21442
13097
18544
13782
29330
32292
30165
25509
7789
5683
1970
27145
13318
9847
31377
27994
14402
17891
29046
20571
28053
14141
26611
31395
28403
1360
31206
32538
11048
12109
20994
6402
22466
3495
2308
15539
1300
28760
17723
29278
24524
31562
27083
9822
32295
5392
2125
10835
24926
8989
13376
25135
29873
19674
16598
17514
33028
9470
33014
20702
29768
7617
26904
30792
30038
20450
2863
29855
30331
17029
12262
7345
13406
32029
23696
32171
30999
22856
15065
3425
577
5001
4006
19220
22341
2806
13152
27050
2773
5726
32086
6563
9535
15171
16368
3317
11259
30173
33238
23162
8681
26730
1485
11909
26200
4759
7903
21447
10459
13461
12045
438
13040
3770
24989
20655
32839
7367
24905
29228
26687
25415
7920
9552
24742
26953
30913
512
1
1024
24261
6266
17599
26989
26945
8084
11998
26101
1822
7505
31354
25185
32356
2972
29242
12021
938
19869
24363
8763
19579
24782
4060
29196
30552
15559
8113
24863
30949
13745
13384
9783
21676
27975
22038
16957
31184
19057
32203
6949
20714
26197
32337
4907
24077
23456
113
3610
3793
20202
28350
2192
14748
17912
718
16283
9088
2611
22568
32919
24145
15594
6
30828
30164
28706
24951
22823
4526
25168
18617
19715
7207
2486
2123
30895
22021
23843
25644
7788
22960
23463
9516
1415
29777
31287
14127
29586
18757
18693
5330
21904
21388
16582
22405
26902
12529
2487
31330
13291
20694
29729
2949
11567
10748
20319
27294
23759
29613
31434
13027
27043
27109
230
26491
12044
10
21344
16665
12493
3757
16451
26346
16526
13780
3040
29629
17864
28207
16586
9781
24536
28451
14894
19493
3840
21786
13089
678
32592
16932
339
26356
9525
11956
15909
8544
6203
30634
13674
7990
19637
1430
5878
9262
3270
3190
29522
24318
14672
4569
10270
3966
26726
5095
28769
6218
3514
23550
11867
21098
28448
8609
22786
29313
6669
25186
16714
13711
32473
8241
28637
6192
27215
26975
4062
22690
10152
7809
14745
10378
6261
12915
31917
13855
3295
16958
7468
14155
6006
22162
9358
2075
8300
7457
31720
8039
26288
5291
9364
22087
25259
24921
19542
5665
9891
23325
5101
33045
5096
24133
9289
13444
18200
13656
29669
5415
12424
29913
32756
6893
12854
20681
17092
11424
3418
29492
21053
32091
14856
15867
5427
19691
845
8226
30629
22781
31142
23278
13936
14733
20079
15979
20173
32370
9398
10385
13742
8413
26668
6231
4505
26483
4951
27773
17732
28714
27466
29935
22707
22827
1400
13074
32629
24238
26500
22573
8913
18363
15674
13192
29293
14401
19281
29444
23383
30815
2311
23656
28885
10355
24165
8773
25096
15906
24188
24367
21298
12619
5128
14482
7252
2740
27759
16579
32266
30351
16335
4912
15346
22048
27705
30811
11831
23278
22891
14555
27515
25757
3477
662
31853
33046
4574
29216
9713
33128
13501
24902
4423
8129
26993
8685
9439
20644
16157
6534
11454
22097
378
11271
15129
31015
31691
29949
19362
23313
26359
5641
12350
16990
9797
29200
24154
24250
20283
24302
25697
28505
25771
18038
28951
29976
20446
3331
9511
2954
20052
20197
21511
12068
1007
13239
2967
4147
7128
2686
8005
20160
12837
31633
23897
24194
9080
19345
18296
3946
17238
28067
25240
4738
11263
20320
10911
3960
13478
2658
13184
20600
24914
2493
2443
18345
15750
20568
3412
27034
12789
2533
30117
9165
33094
16345
29241
28318
6630
32094
2864
954
29370
13243
9951
3188
16254
26138
26233
3835
6337
637
21353
558
9838
26748
14461
25264
32622
19542
21686
26562
1421
29374
12882
21807
7095
19888
24003
22069
14887
9772
3355
6095
31220
11686
18665
27599
26797
237
15528
1698
4100
4708
27292
9170
23218
3126
30761
21170
7488
15219
2417
21105
14703
7607
31593
15660
31814
29997
18898
9663
15498
24921
14107
5379
24871
5040
29364
8565
2442
10142
18762
3675
29161
31817
17248
20544
31541
22478
20224
14575
4742
24178
1721
21535
7997
13270
27811
14472
17288
8969
16125
28059
16125
8969
17288
14472
27811
13270
7997
21535
1721
24178
4742
14575
20224
22478
31541
20544
17248
31817
29161
3675
18762
10142
2442
8565
29364
5040
24871
5379
14107
24921
15498
9663
18898
29997
31814
15660
31593
7607
14703
21105
2417
15219
7488
21170
30761
3126
23218
9170
27292
4708
4100
1698
15528
237
26797
27599
18665
11686
31220
6095
3355
9772
14887
22069
24003
19888
7095
21807
12882
29374
1421
26562
21686
19542
32622
25264
14461
26748
9838
558
21353
637
6337
3835
26233
26138
16254
3188
9951
13243
29370
954
2864
32094
6630
28318
29241
16345
33094
9165
30117
2533
12789
27034
3412
20568
15750
18345
2443
2493
24914
20600
13184
2658
13478
3960
10911
20320
11263
4738
25240
28067
17238
3946
18296
19345
9080
24194
23897
31633
12837
20160
8005
2686
7128
4147
2967
13239
1007
12068
21511
20197
20052
2954
9511
3331
20446
29976
28951
18038
25771
28505
25697
24302
20283
24250
24154
29200
9797
16990
12350
5641
26359
23313
19362
29949
31691
31015
15129
11271
378
22097
11454
6534
16157
20644
9439
8685
26993
8129
4423
24902
13501
33128
9713
29216
4574
33046
31853
662
3477
25757
27515
14555
22891
23278
11831
30811
27705
22048
15346
4912
16335
30351
32266
16579
27759
2740
7252
14482
5128
12619
21298
24367
24188
15906
25096
8773
24165
10355
28885
23656
2311
30815
23383
29444
19281
14401
29293
13192
15674
18363
8913
22573
26500
24238
32629
13074
1400
22827
22707
29935
27466
28714
17732
27773
4951
26483
4505
6231
26668
8413
13742
10385
9398
32370
20173
15979
20079
14733
13936
23278
31142
22781
30629
8226
845
19691
5427
15867
14856
32091
21053
29492
3418
11424
17092
20681
12854
6893
32756
29913
12424
5415
29669
13656
18200
13444
9289
24133
5096
33045
5101
23325
9891
5665
19542
24921
25259
22087
9364
5291
26288
8039
31720
7457
8300
2075
9358
22162
6006
14155
7468
16958
3295
13855
31917
12915
6261
10378
14745
7809
10152
22690
4062
26975
27215
6192
28637
8241
32473
13711
16714
25186
6669
29313
22786
8609
28448
21098
11867
23550
3514
6218
28769
5095
26726
3966
10270
4569
14672
24318
29522
3190
3270
9262
5878
1430
19637
7990
13674
30634
6203
8544
15909
11956
9525
26356
339
16932
32592
678
13089
21786
3840
19493
14894
28451
24536
9781
16586
28207
17864
29629
3040
13780
16526
26346
16451
3757
12493
16665
21344
10
12044
26491
230
27109
27043
13027
31434
29613
23759
27294
20319
10748
11567
2949
29729
20694
13291
31330
2487
12529
26902
22405
16582
21388
21904
5330
18693
18757
29586
14127
31287
29777
1415
9516
23463
22960
7788
25644
23843
22021
30895
2123
2486
7207
19715
18617
25168
4526
22823
24951
28706
30164
30828
6
15594
24145
32919
22568
2611
9088
16283
718
17912
14748
2192
28350
20202
3793
3610
113
23456
24077
4907
32337
26197
20714
6949
32203
19057
31184
16957
22038
27975
21676
9783
13384
13745
30949
24863
8113
15559
30552
29196
4060
24782
19579
8763
24363
19869
938
12021
29242
2972
32356
25185
31354
7505
1822
26101
11998
8084
26945
26989
17599
6266
24261
1024
1
2048
31466
13968
14726
32469
16413
16349
4251
31132
27285
23688
24918
14010
28879
6455
31371
6333
31903
10129
26892
18550
22888
20970
12716
18469
26861
32031
29644
30052
4459
2374
1863
10882
4364
7544
11123
15333
28865
7044
24105
3651
5582
31172
18782
1680
18134
23513
33201
8831
7399
1911
15113
531
2967
24012
14909
23268
13290
7441
8567
5695
13325
18857
16143
28057
11974
22200
17937
25334
14053
13468
9048
22757
11998
4090
17668
16544
26127
255
25008
15584
26196
6235
25733
29642
9027
24438
410
32976
31777
6365
9068
2731
18184
10860
314
23141
27442
5690
7665
11005
19075
25438
22974
19075
25749
20103
8860
7990
16720
20114
26153
27537
314
28157
19926
19079
14483
7662
1618
14222
29199
7244
1812
24427
16799
27682
9070
6438
17674
19561
27510
15977
19824
5772
5773
10078
10698
4933
25163
28041
22228
18218
25940
25982
13857
12108
10618
23202
16673
13515
18159
11511
27254
30954
28516
22301
26844
5557
25438
31896
27419
27759
7370
17550
22942
3901
3835
19607
22198
32298
13643
31294
12248
30875
26026
12801
18375
19318
26310
14322
23961
22135
29800
29347
25924
31791
21542
5323
3532
10298
29877
12797
32931
4167
2866
29817
1740
31906
29562
6877
31063
10981
19489
21634
211
26974
32856
33048
2066
15945
30565
2213
16953
21167
12658
8342
22405
26189
5659
7028
6537
5293
20378
10237
14942
5798
8625
4709
6692
28448
12661
13069
24947
3675
18778
3620
9076
12722
10142
14873
6887
15006
27755
14076
4076
6008
7107
10853
18556
31826
18422
25738
23250
6860
27754
454
17866
4029
4540
480
24373
1668
15819
8351
7778
32829
8295
11808
24520
20296
371
12660
6174
24570
19564
4452
25247
7271
19891
25366
30698
20117
14215
17876
20770
2549
670
32196
31766
5489
15123
11758
188
4843
22494
497
5714
5154
2741
27977
24336
17580
32995
25437
22461
4876
6803
21496
6288
29572
27590
30884
18143
27245
22430
24119
3426
9289
6378
15038
2676
27187
13700
948
24419
10969
8313
11981
3982
10909
3357
12799
6994
5366
29141
2879
25510
15809
4928
18238
11575
11746
20851
25380
13467
18454
9246
31393
9006
6851
6634
176
17211
2487
25765
31165
15212
20036
19630
3139
30543
33151
3514
30719
8326
14204
8778
3415
24947
27920
10923
19529
14717
22805
11398
31294
3021
27370
28196
7805
8692
12942
26457
8132
3632
5272
28062
1442
25090
31784
8624
32272
7426
24435
24043
27742
18357
30593
13146
27286
9403
5848
6337
19310
16463
8162
29400
10331
15389
30218
18384
28960
18329
4683
5655
570
26443
9801
32543
5928
15753
3163
6546
24700
2174
2565
1545
10026
21176
16989
29596
29933
5115
6347
4310
26872
28586
26098
1436
11126
7301
18500
273
28897
11499
19979
21521
3635
706
32849
31704
21720
26869
26723
32668
32699
29901
14123
14978
27612
17435
20093
20910
330
4837
12749
31328
6347
17568
5195
17992
16016
16966
22288
30558
10857
28925
20696
32684
29905
981
24485
2593
14404
6445
22176
30538
17336
24982
9142
21215
1775
29653
32747
28478
886
16802
21559
27428
18345
23962
20751
33284
32128
25183
1320
8724
12394
19379
6974
24708
951
15992
25132
319
5905
19060
21540
15946
11740
22477
9105
10674
8721
2143
9159
30736
28323
12248
8298
17277
24774
13038
28680
17834
1844
20901
26056
4730
19340
20227
2744
10040
11820
15704
28693
5852
9802
26836
27933
10056
29974
5268
17961
19900
932
10368
15602
28521
6198
31924
7663
11497
256
31736
7186
10646
15459
23111
8966
30953
16443
15044
32426
12505
27227
3324
29317
31019
19912
29592
4268
32375
17834
15883
15675
1399
28910
4889
15442
19442
12582
9628
4107
4034
29725
22508
22574
14222
12157
7039
12572
2510
28008
7344
7352
28379
15101
29673
26234
10994
6795
12247
21084
14233
18299
17962
2976
199
28128
4033
5543
13779
24947
17290
33158
4714
1483
22528
12522
7315
32935
23870
14870
23926
15343
30853
22740
3234
26118
19893
4656
27946
15449
200
31830
14241
28052
27178
18464
16680
17810
33101
1608
1384
14945
26988
10283
14224
16568
2619
32598
15134
32198
13160
14386
1525
10463
19199
7070
33219
10075
29200
18737
1356
24588
10525
14566
14927
24851
27985
22669
15589
11547
29593
20133
1831
11879
10800
19249
22877
74
22793
22029
9092
23895
1546
32285
16310
30461
20736
25586
16622
27295
22159
20159
18851
2515
28429
22868
12447
26312
10299
18470
19224
15231
10471
24186
17170
31579
18144
11168
5720
5623
20017
3465
30943
27798
7711
15953
7548
29634
5181
20408
16499
12879
20848
32225
9977
26105
15599
31139
28166
26101
191
29488
1070
16129
27003
28535
548
24161
17073
6017
15709
13174
1877
12009
12437
23369
18886
10751
30505
27041
30989
20319
4623
26056
10671
22612
2032
2148
15155
12237
7329
10198
6045
13446
27255
6003
2870
27479
27560
9379
17740
9152
24957
31625
2556
17958
26231
2912
12907
2012
13877
6256
33093
23723
31751
16044
17140
12164
1440
3880
6810
10976
3010
23384
18255
10251
10572
8331
10717
2416
31075
25746
5851
23547
20550
21246
21991
8603
13800
2310
16402
27538
9962
3654
23983
13873
8245
27667
5448
12228
20929
29709
5936
21143
5574
5591
8687
30204
25131
25995
30942
32155
22960
25039
30971
19338
10049
4486
21251
10631
4118
27488
16732
33065
14543
457
31651
17605
28424
2872
9999
28842
647
17165
24984
24920
16222
8921
32073
24879
28182
17271
29672
24379
13048
25501
1233
3099
24464
3165
15543
24379
18711
16024
12411
15121
8824
19776
27561
2459
18068
26657
30496
26342
1883
31265
7896
27833
33006
11770
21465
12634
4360
13491
821
28222
10428
7358
4765
15732
20186
17220
12727
9344
28262
13245
5824
25397
4216
4799
22902
7351
4466
24526
14686
11877
6481
24135
11092
7232
32508
8477
10786
4026
29761
10412
10751
19884
29625
31438
23490
7115
22490
19682
22138
663
32281
644
15400
2996
2450
10625
23745
12682
22087
17417
20684
18865
28660
5795
14667
24814
4111
6747
19418
12881
13553
27959
24875
32524
15148
7418
10575
27171
32391
33125
16561
9795
7657
5296
24015
21285
20532
22107
24556
812
22484
11737
32793
9904
20100
20474
20627
20680
11037
27557
26302
32111
4002
22448
764
21459
8187
20650
2779
284
4503
19497
2068
9095
8100
31206
3930
27306
8154
16527
32346
21015
385
21015
32346
16527
8154
27306
3930
31206
8100
9095
2068
19497
4503
284
2779
20650
8187
21459
764
22448
4002
32111
26302
27557
11037
20680
20627
20474
20100
9904
32793
11737
22484
812
24556
22107
20532
21285
24015
5296
7657
9795
16561
33125
32391
27171
10575
7418
15148
32524
24875
27959
13553
12881
19418
6747
4111
24814
14667
5795
28660
18865
20684
17417
22087
12682
23745
10625
2450
2996
15400
644
32281
663
22138
19682
22490
7115
23490
31438
29625
19884
10751
10412
29761
4026
10786
8477
32508
7232
11092
24135
6481
11877
14686
24526
4466
7351
22902
4799
4216
25397
5824
13245
28262
9344
12727
17220
20186
15732
4765
7358
10428
28222
821
13491
4360
12634
21465
11770
33006
27833
7896
31265
1883
26342
30496
26657
18068
2459
27561
19776
8824
15121
12411
16024
18711
24379
15543
3165
24464
3099
1233
25501
13048
24379
29672
17271
28182
24879
32073
8921
16222
24920
24984
17165
647
28842
9999
2872
28424
17605
31651
457
14543
33065
16732
27488
4118
10631
21251
4486
10049
19338
30971
25039
22960
32155
30942
25995
25131
30204
8687
5591
5574
21143
5936
29709
20929
12228
5448
27667
8245
13873
23983
3654
9962
27538
16402
2310
13800
8603
21991
21246
20550
23547
5851
25746
31075
2416
10717
8331
10572
10251
18255
23384
3010
10976
6810
3880
1440
12164
17140
16044
31751
23723
33093
6256
13877
2012
12907
2912
26231
17958
2556
31625
24957
9152
17740
9379
27560
27479
2870
6003
27255
13446
6045
10198
7329
12237
15155
2148
2032
22612
10671
26056
4623
20319
30989
27041
30505
10751
18886
23369
12437
12009
1877
13174
15709
6017
17073
24161
548
28535
27003
16129
1070
29488
191
26101
28166
31139
15599
26105
9977
32225
20848
12879
16499
20408
5181
29634
7548
15953
7711
27798
30943
3465
20017
5623
5720
11168
18144
31579
17170
24186
10471
15231
19224
18470
10299
26312
12447
22868
28429
2515
18851
20159
22159
27295
16622
25586
20736
30461
16310
32285
1546
23895
9092
22029
22793
74
22877
19249
10800
11879
1831
20133
29593
11547
15589
22669
27985
24851
14927
14566
10525
24588
1356
18737
29200
10075
33219
7070
19199
10463
1525
14386
13160
32198
15134
32598
2619
16568
14224
10283
26988
14945
1384
1608
33101
17810
16680
18464
27178
28052
14241
31830
200
15449
27946
4656
19893
26118
3234
22740
30853
15343
23926
14870
23870
32935
7315
12522
22528
1483
4714
33158
17290
24947
13779
5543
4033
28128
199
2976
17962
18299
14233
21084
12247
6795
10994
26234
29673
15101
28379
7352
7344
28008
2510
12572
7039
12157
14222
22574
22508
29725
4034
4107
9628
12582
19442
15442
4889
28910
1399
15675
15883
17834
32375
4268
29592
19912
31019
29317
3324
27227
12505
32426
15044
16443
30953
8966
23111
15459
10646
7186
31736
256
11497
7663
31924
6198
28521
15602
10368
932
19900
17961
5268
29974
10056
27933
26836
9802
5852
28693
15704
11820
10040
2744
20227
19340
4730
26056
20901
1844
17834
28680
13038
24774
17277
8298
12248
28323
30736
9159
2143
8721
10674
9105
22477
11740
15946
21540
19060
5905
319
25132
15992
951
24708
6974
19379
12394
8724
1320
25183
32128
33284
20751
23962
18345
27428
21559
16802
886
28478
32747
29653
1775
21215
9142
24982
17336
30538
22176
6445
14404
2593
24485
981
29905
32684
20696
28925
10857
30558
22288
16966
16016
17992
5195
17568
6347
31328
12749
4837
330
20910
20093
17435
27612
14978
14123
29901
32699
32668
26723
26869
21720
31704
32849
706
3635
21521
19979
11499
28897
273
18500
7301
11126
1436
26098
28586
26872
4310
6347
5115
29933
29596
16989
21176
10026
1545
2565
2174
24700
6546
3163
15753
5928
32543
9801
26443
570
5655
4683
18329
28960
18384
30218
15389
10331
29400
8162
16463
19310
6337
5848
9403
27286
13146
30593
18357
27742
24043
24435
7426
32272
8624
31784
25090
1442
28062
5272
3632
8132
26457
12942
8692
7805
28196
27370
3021
31294
11398
22805
14717
19529
10923
27920
24947
3415
8778
14204
8326
30719
3514
33151
30543
3139
19630
20036
15212
31165
25765
2487
17211
176
6634
6851
9006
31393
9246
18454
13467
25380
20851
11746
11575
18238
4928
15809
25510
2879
29141
5366
6994
12799
3357
10909
3982
11981
8313
10969
24419
948
13700
27187
2676
15038
6378
9289
3426
24119
22430
27245
18143
30884
27590
29572
6288
21496
6803
4876
22461
25437
32995
17580
24336
27977
2741
5154
5714
497
22494
4843
188
11758
15123
5489
31766
32196
670
2549
20770
17876
14215
20117
30698
25366
19891
7271
25247
4452
19564
24570
6174
12660
371
20296
24520
11808
8295
32829
7778
8351
15819
1668
24373
480
4540
4029
17866
454
27754
6860
23250
25738
18422
31826
18556
10853
7107
6008
4076
14076
27755
15006
6887
14873
10142
12722
9076
3620
18778
3675
24947
13069
12661
28448
6692
4709
8625
5798
14942
10237
20378
5293
6537
7028
5659
26189
22405
8342
12658
21167
16953
2213
30565
15945
2066
33048
32856
26974
211
21634
19489
10981
31063
6877
29562
31906
1740
29817
2866
4167
32931
12797
29877
10298
3532
5323
21542
31791
25924
29347
29800
22135
23961
14322
26310
19318
18375
12801
26026
30875
12248
31294
13643
32298
22198
19607
3835
3901
22942
17550
7370
27759
27419
31896
25438
5557
26844
22301
28516
30954
27254
11511
18159
13515
16673
23202
10618
12108
13857
25982
25940
18218
22228
28041
25163
4933
10698
10078
5773
5772
19824
15977
27510
19561
17674
6438
9070
27682
16799
24427
1812
7244
29199
14222
1618
7662
14483
19079
19926
28157
314
27537
26153
20114
16720
7990
8860
20103
25749
19075
22974
25438
19075
11005
7665
5690
27442
23141
314
10860
18184
2731
9068
6365
31777
32976
410
24438
9027
29642
25733
6235
26196
15584
25008
255
26127
16544
17668
4090
11998
22757
9048
13468
14053
25334
17937
22200
11974
28057
16143
18857
13325
5695
8567
7441
13290
23268
14909
24012
2967
531
15113
1911
7399
8831
33201
23513
18134
1680
18782
31172
5582
3651
24105
7044
28865
15333
11123
7544
4364
10882
1863
2374
4459
30052
29644
32031
26861
18469
12716
20970
22888
18550
26892
10129
31903
6333
31371
6455
28879
14010
24918
23688
27285
31132
4251
16349
16413
32469
14726
13968
31466
2048
1