39069
4688625
3097359
4715205
77845
3424384
4888209
1265311
4457919
3985346
468833
3881343
2715377
1520317
4933639
2815305
271217
1261743
3232858
2598946
4563485
4816225
3080535
2841292
1172875
3583911
1457721
2276346
2723015
812258
1243899
1348123
4145235
1334598
3919963
1523105
1013407
1509843
1633882
39288
32823
4235203
1252284
4514681
4199045
2321752
4689388
2250396
1955741
4579666
1838131
2035594
3692253
563688
1872216
714149
743824
1852544
4240881
637557
2132285
2197284
4002840
1373183
178925
3390212
4343158
397443
3744532
1363485
1370708
714155
2461086
1013024
1109398
1262965
1789084
3329145
2799307
1898249
842871
4441319
3749237
4373239
2322377
1513098
4818245
3301634
174139
3579589
993208
625409
1889752
2392112
1598979
3151699
3890068
681841
4798530
652894
81559
4117596
2235966
566766
986782
2604742
4602041
1621588
2138735
4104449
2778013
3303651
3693008
4848699
2059657
330816
3867298
504580
3463222
1709064
3228995
2730444
4295576
910075
4039361
4551102
3709751
1540194
2959603
4113136
1408052
1130356
275476
3614234
2387863
1865501
4002461
412384
1980400
651741
4291894
1524050
525310
529763
2752377
4686231
4858443
1283245
3449073
1911746
4499647
3568711
4000959
3690773
691541
2071258
1832037
1352009
122549
4033094
2862376
1213792
4530581
2084314
756171
3653385
2966221
3581007
810561
4943518
2700412
394708
879408
3906941
4691282
3648705
3556177
2795831
2655073
4619316
2188038
56382
1730929
4114811
4215526
445656
1188635
4955036
1121939
313477
4461059
2898962
2296811
4751467
3422510
2686227
714363
2814226
2124251
2309665
2941648
488966
3369388
3284303
2222524
177982
2219267
4899884
263579
513544
2864413
779300
571223
4219893
1109160
2305311
730424
3860109
1755480
1411895
1220491
904944
4624962
2056647
3707173
1321555
3365550
4281476
3741058
1968379
4840706
4224216
4947898
2205587
4429995
734217
1357706
3887728
3492203
4453453
4370426
1673954
4613505
3759596
2381338
559714
175131
4703354
445032
3206857
1912319
2233595
199229
4096208
2260639
3375697
988836
518130
3580936
1203359
3628115
784316
4914003
3320863
4355333
2425640
414150
3767854
2979298
2662243
3979543
98679
2653834
2594547
2332786
3607392
4119238
3285831
3852410
1702216
4568551
4498113
2987037
553211
4061081
2857822
3655342
4018024
3475076
4052023
3726737
975050
2763073
1942138
1559825
2418730
4814251
1060224
3763406
2366767
3665852
2235337
3231238
3685246
4611443
2242559
2994389
2196025
2724375
4978453
604621
397305
1209209
106858
2148872
4433768
3477238
4846032
1989854
4166093
2348692
3030943
721267
4893705
1269367
2514673
1842727
1177775
1205988
3135360
1024345
4085254
2897302
3412207
108903
4041203
563225
441913
4827746
4811375
2949760
2136999
1984063
3617508
4654934
3310099
3640950
4572454
3394548
4339086
3366867
4698983
111699
124530
43720
418198
1528598
2044810
3031725
2928020
3234823
1587984
4210454
505683
4257447
4447574
1031924
3630512
3897568
109599
611394
4355209
241657
966962
2161778
1395077
2545177
3905511
1257522
2562558
1961054
2349181
515625
1697861
3536492
2231534
4155462
569249
4774671
3913232
20054
2802602
2437331
1845550
1997981
2936715
605500
407035
4321740
2450470
3467389
737312
1183566
4589744
3520650
3212333
1077259
1712044
3062406
4679989
1876388
1125191
4322403
1429754
3289155
965132
3881333
2232929
3232809
2455412
2050089
2344265
4504415
3747463
1157437
2064022
2110323
1265430
1542795
671054
266966
1699001
2964125
4650295
696450
3666562
212383
2398710
3179054
738053
3672822
3199644
4318341
3905301
510169
352648
3898558
274587
2564028
1649220
4036176
260934
4213348
1634810
2661390
1823941
727486
4738614
782966
1109005
1489436
4706642
2815487
1793314
2652817
2573186
2468115
2412467
4003590
3678226
4731934
3229102
255538
4887474
1258056
4479902
1323897
806576
4804418
1645759
1316660
4590132
1174155
1047276
2932970
4227035
3875654
2368458
1674911
2325561
327878
584363
1375364
1953105
826816
3391356
3391788
4565114
1038285
1946181
2410099
3632806
431781
4606738
2757379
4957261
4022852
349676
1105043
3501761
3272131
3528404
1921886
2022864
1012760
4811188
495130
2211912
4240469
129648
2538646
406293
2138455
3485791
103304
4107825
403774
4500022
1878986
2885916
4493986
2236470
122007
2210381
2254550
4293258
4005981
4376041
630735
3036764
1763596
790450
1595428
4086465
1352305
2978865
4949272
3201768
1104934
2166185
2681754
3673221
595815
4057208
83477
4539501
1850525
4351304
4052397
3442277
3564597
477276
2164821
2583107
4376882
84697
4225366
338672
1798237
121410
3274223
2713310
1879282
2738136
4488167
1494720
1867958
4690003
2437014
4058685
4554529
4184018
3400817
3805332
1593967
1258861
4244288
3288653
2259612
4914251
3252275
4281685
444578
1897985
1510114
4940175
2555730
1145793
1710768
3086664
2500391
3030223
3494602
2708906
2153326
538040
1577748
148053
4670106
1522305
1504174
3964739
4514851
2850490
4233564
1702767
3212679
1680284
3754389
274286
88635
2525808
1502635
1192504
3412072
2713961
240224
2547454
2713195
4772414
1331326
4512297
2912933
2379474
4483091
2052283
3195472
2631516
1375142
2273745
216308
4775011
2156407
4462391
4446727
3303805
2579433
3460744
517544
1192092
2688506
4013398
2884908
4616841
4887482
4267991
419792
2576009
1282786
3203140
3453187
2197022
3012871
785663
868183
2399440
3767325
594078
3871210
2029426
2744544
2870241
280765
4074513
2574156
1680484
3366855
1063419
1105938
590360
489849
3599608
4942099
862225
3787625
4790016
1238085
351471
4510495
3137652
398676
2473950
4357630
1627215
2250654
1009744
212050
3377516
4248783
74237
3286555
1121471
2416405
1081912
3342845
944598
3509511
3806625
1332917
3796766
4029594
4682599
705914
4291601
2983480
3493117
266630
4241133
2359549
574360
3542682
123370
1060236
638130
142029
603070
817753
1970566
2318159
1554526
3805138
4502689
2422618
415143
230860
3593427
354310
876968
4923549
2412836
1509106
1210728
651249
308325
4413166
2041577
3023115
3614844
2610779
2283072
2579971
2018575
359716
255224
145066
22703
1973308
1355909
4631858
3743157
2244692
2975221
3731875
1324514
1538291
4417375
1665919
4378593
4359449
2260349
3030852
4716378
3150386
865016
1920411
1278033
1264355
3840847
4334874
1055214
3645487
921467
697345
4591073
763304
3877690
623178
4000263
1093623
4483542
4656916
4006641
4609958
348855
601884
3747317
3105840
2026110
1510278
2106449
356087
330376
2247981
2493459
27132
2308867
4334328
1948236
1583249
3061886
2294801
589799
3811729
3419238
2050356
4228308
1080115
4947171
1564841
3405165
4949829
2186430
2200392
958708
4120289
296000
3015792
3604808
3913247
1139997
1617281
3668667
2739697
1867599
1841403
4382774
636202
244091
900096
4862979
2067875
4446225
154846
207771
2099323
2240184
2287307
115953
4303804
3828916
4839194
382172
3662940
3376741
4091101
1632969
1811918
4749416
1624129
1758967
3197180
2526932
3039188
1963377
1110574
110392
4559867
1103311
210808
4168411
2059926
4298438
4858030
1899678
3339488
2891456
3744894
4929149
2317224
567264
3668640
81172
3800121
2343550
2872440
4247801
531374
3451200
3920413
863898
131815
2031534
3759985
3087165
2406776
129199
741802
4675028
2873052
3364344
3117545
2435023
3551878
2902692
4676611
2841885
4286117
1938918
1715349
167453
2519259
3307055
3861568
3546682
4452426
3618841
2889146
4733401
3164246
1834295
864567
2471031
3409901
3358851
2067571
3669481
4075175
356036
4091945
3234592
763872
1198020
4347990
3855144
1162609
3730481
1951793
1234023
4612020
1556559
1851768
4263265
3681842
1418228
619923
2422248
2573158
3151250
3002486
2901763
2583112
4823831
4686832
1599964
3076391
2041051
4473043
3482815
2444828
1766683
3007632
4070260
1436679
3448871
4123706
1304141
623339
1424704
1969256
1386167
2665864
288477
2562773
4230097
982313
4788372
324895
1660007
700270
3943840
4051745
4945345
4234634
4772900
1875310
2107269
4018745
325415
684014
2554150
285378
2552442
2788421
4397771
4501724
4402009
2388559
3261762
473077
4952659
1459124
3186205
540793
303748
1184174
2371612
2903660
466776
3429340
3313043
600074
1564169
1922316
3586246
637405
4668013
1997717
3658485
4443303
3924670
3769189
4409544
3565219
860714
1335529
2581464
3402792
184700
2858620
655428
189268
4591338
3123334
922548
2377368
166948
4918200
2133870
2679845
2745272
4234708
4750337
1910272
3536264
768668
3270333
1629767
4173237
2483681
3375264
3085409
387804
4737497
2920608
4684905
2022944
2625173
2553090
3950974
1870506
4194079
3186749
1733556
2702350
1103014
4115538
1552762
1720563
1731726
4067291
4821687
280086
3712181
1377587
4792380
2781859
3091956
130122
3017765
1633910
2166934
3987597
956558
975138
4015037
1821837
375917
4958722
176899
2977773
4395039
184171
4270825
3561327
2888235
3718315
548489
3826955
1673385
382713
774495
4319719
944931
1031244
1259149
2763325
3633084
2293140
3765603
2938084
4418366
3411060
3749642
4685754
3475171
4735912
2001633
1059080
3501051
3720308
97857
4240571
3252279
1711933
1333861
3092996
105971
2136450
4595107
972064
4085953
1799100
2979905
4502029
3797741
1938042
4335673
4880691
636093
2001117
2060969
575287
1908290
3576315
162522
4189744
4703370
1375826
2993151
4712940
2593388
2112133
4710388
4615914
4055487
1508545
2069108
1214362
4299110
934799
1007912
4611197
4217447
4752043
1680990
3465695
4448966
2360526
3862294
2250718
3963556
4358496
3583249
4574088
4847336
1270891
4252351
671729
1000468
3414416
725012
2317527
1252664
3399252
4527113
1009962
3001588
1019152
2810925
3796446
3127021
1332361
4421005
3751136
4566673
875437
2944781
4881671
366445
4227324
1669199
3743313
3365858
388
4132573
3289600
644372
1454537
1869183
3665796
4272852
2042960
2169281
2249355
2206292
4315830
1719951
829088
1204172
330768
3288263
3932841
781906
2202711
3901100
2013028
1762177
4141435
692533
4663426
2360936
2995787
3628644
206781
4578525
4178458
2076803
1568640
1311087
4819669
183432
1012431
4404341
4061124
129894
3529324
1283574
2908432
3004208
1364023
772949
1211351
1596058
3360588
4333109
995996
2295840
4193094
3880114
2499595
4590451
3905912
2998098
94310
3732431
4680618
546366
799350
3268769
3979058
1753373
2031769
4353444
1583689
1758154
1132818
4613923
2143739
4931450
3904511
1061154
385914
3131971
82476
4885605
1605966
1452435
4716646
1867851
2172405
1008152
2458441
4562253
1019791
2283524
2807716
2355634
2308950
4393245
2202837
2140762
4326130
3042544
2909288
2770014
1189578
1075551
1672080
4721589
4054216
4708551
4191916
3148812
3515493
3436229
2708707
965309
3303522
994320
4503697
386882
758446
2141899
1596499
2867214
728762
1594801
205470
4450860
2750032
2280312
3704785
1845465
2244600
4913323
3313626
50969
4447226
2859053
4115126
249846
4008148
168859
1009817
1610488
123584
2686656
4154595
3756849
3851753
603535
917629
3255523
2547022
3280553
2786539
1513399
425803
1958468
3833842
605706
2009277
2436254
1875317
4398088
3461473
2950643
3798319
541654
659647
2906744
3582617
1046892
704774
1984317
1958104
459090
3595261
3945727
1586397
4287034
1781965
1422028
1310911
1491008
3969819
324950
3676985
3510954
899347
34398
722573
3579554
2694956
1328342
811240
532802
1815243
3222815
795180
1215881
573411
1033377
4100388
1393094
13438
4602490
3464407
4627870
2186804
3635299
4265291
202887
473534
4050072
3349511
4140109
3268766
1051912
4249338
4987893
1101764
1326499
3383261
308333
2203895
1499099
2416685
2395651
1223030
1674418
468287
4828707
326374
4388074
435624
4654914
476690
1078410
4027541
3942461
999125
4360282
584720
2624168
2145228
3837477
919598
918501
4293648
705303
515241
4572283
4557190
4714470
4318334
1588318
1118830
2193421
4147244
3368067
4463529
904977
4378102
4475150
4208104
4814891
3114763
4906643
207587
3613470
3203110
1672009
2317901
709949
4561259
1381588
2056914
4003995
1849993
4403931
4980091
2447378
4130641
847983
1888570
134506
841420
1903440
3291819
1432751
3809261
255819
4191814
1773384
1405439
399944
4539524
1273895
1732880
328776
4206620
4471264
2132510
2426956
2048874
795659
116105
1063645
186517
2649496
924627
1277384
2870014
3592803
4948086
3078485
3511138
3045743
2138146
4346682
2913908
3030104
4952921
59699
3109029
650850
1053623
881250
2246856
668669
3479357
3988309
4755114
4329309
3686208
3721133
4686808
4028120
171510
1511336
3980967
2271638
859984
2192260
3879634
4178457
1568947
1028917
2242000
2186833
3671796
2470966
4439509
3743962
4911599
3974791
1110070
1951188
4136614
3848662
3396503
2886203
646778
989830
1169492
427641
3517649
2486990
2476450
3291018
1717870
3298483
3014023
1625016
1585186
70957
700770
3594609
4547070
1283804
2985482
3813752
4605590
300684
2931470
739841
3425924
1342064
1926388
2589859
825126
208567
2105612
4370566
3910037
1009500
4906327
2543971
309106
4797152
424872
4419770
1958551
1380719
3270708
1654616
2711381
3028715
3779375
3730273
2659594
435025
3606840
4087743
2394347
852724
2865115
2823450
1774835
97905
991944
1604620
3568460
1487960
4262313
4714089
1358052
4025031
3210766
1556355
1006692
4535870
1468884
3867938
4311608
101922
3868634
1504082
1437335
4738432
317267
3795210
961910
3311485
4324715
2234517
279706
2814342
3728064
4140320
2183390
3612299
908261
130853
4360342
3682292
4718767
4800995
979150
235106
1184561
424423
4225794
2546771
2672270
809233
4621456
3063978
1826004
1084253
949677
1110591
3282520
629301
3247346
1532980
4596301
4259374
2892132
3108153
4073126
169990
4807416
4491225
4179189
1661662
3908965
666104
1538371
1950489
3325643
232424
90440
2519753
25665
4205243
4722364
3604783
2748032
4415505
2436143
4212668
3699830
4747572
3384879
2243836
2748376
404041
1854352
4396473
4453331
605400
4682239
730790
2336214
751421
4668943
3436077
4069860
4376279
487801
1192406
918615
2249371
28617
3773818
1368481
3490323
2222037
4577047
4051525
1836484
744338
4825853
4286821
1707849
1576193
3340824
1952581
4546880
2643377
3820732
2859763
3958994
2636133
4091615
4046412
3679198
2370102
4413919
4552222
1714270
1023618
4806543
3776580
4312030
451358
3222193
1436863
2577589
297337
4588065
2556782
3494563
1632727
4592213
1721367
4723420
3516764
2946145
1127911
3184430
1944531
3520954
3234809
1271445
2199882
111883
4562988
3867976
1477481
2932251
3623923
816358
1253321
1902013
4684336
3505492
2092184
3740962
3230614
4150539
287915
2604482
1527436
457019
1674025
338613
4615226
4941533
3842833
3528507
713278
3092875
3045531
1889219
3286620
439216
3701690
1745169
3390039
2763715
1986172
3490961
1916189
2869628
4510326
1325167
3289804
3723007
1375452
4342870
2593463
265868
2354024
882924
2065948
4235556
2927339
4840483
2576691
3397950
2491408
1388306
710254
3286930
220991
4717064
1034651
4912313
1021517
2301007
403261
876690
683640
3371362
2399514
1196354
4895512
432901
2999280
1794076
4339201
1544149
1482839
1374572
4536791
3133369
3266577
3987227
374244
166119
407120
4990709
2147253
826080
1740295
613914
1521856
1867678
1173411
3990333
270951
3168720
395212
1806819
4130902
4480647
827818
1856673
167256
1274773
169740
4294325
4138749
1248510
2153810
4857169
3490454
518341
2513130
2231608
112877
169689
1063383
883927
129937
2504460
3426899
4318697
4331503
1194188
2967360
4213845
4466530
1400784
2485206
650984
3183477
4458744
180964
1491432
2999149
4700240
4301393
2945088
76975
1326869
1391313
302666
2462584
1675860
3400433
2676186
3575482
4473100
4552281
2250037
217783
4764094
3970456
139692
2060423
2150227
2702543
2018916
512699
2892633
3085330
758555
824777
1313341
1783938
3992289
4488653
1721839
4075291
2904375
2296352
2784549
1583075
3660582
1076659
2706208
2560359
4452761
2838977
4441131
1126662
4374021
128023
2874143
2652136
422166
3764856
44482
1259746
4295266
2198933
1793305
3288885
2084572
3945464
4433873
3315351
814597
4267472
3366299
4924362
4519266
3241448
1616800
4517151
1645177
2306270
545989
2053844
3766792
2590018
571187
3106122
4353244
4864215
2946866
2341714
1022039
1824289
4311764
1253117
1964988
4145788
4234313
1812028
2650766
4556716
3291540
993168
628793
4332838
3331847
4660418
540539
2093566
3692430
1329357
809866
1904216
590213
4944024
3703166
4212434
665889
96539
4752001
3418898
2170076
887527
2948854
1431126
1509389
1780115
3665889
676472
459813
1053025
2593089
2743888
4667854
2986866
3798123
1181635
2582825
1527189
3145363
2216856
1121300
446395
1899916
19407
2574246
1168364
2489210
4692184
592671
4221332
4262087
2492714
2915139
3606696
700043
1666348
2186685
4916089
72193
2471945
699775
2834020
1367503
3695456
4095608
4414400
4116292
1793367
4682587
894899
1251675
4658236
3864720
1934225
520825
596594
4278606
143205
4274661
680740
3735379
2323867
203273
1568661
1847195
3575114
3760491
865747
1621510
1884186
2021859
1001300
550777
3471197
3542900
3681802
4975928
1729888
1869142
1044119
142040
2971961
2869569
3237378
1649235
4597739
2178476
4027266
488685
2168869
3186966
714520
1772314
1864069
3894785
57445
1390133
736644
2966187
4778837
1690957
1595343
4743711
2090947
1962472
4648258
4104251
3435854
526804
582063
3406985
1283024
72983
1696370
1119865
784121
4756102
4319956
4625676
1107741
3237261
4415380
4523657
4519794
4043719
2711354
908478
1191862
2112803
2220212
793628
261412
1236645
3919083
1087900
29453
4840984
309335
3047655
3176369
3639589
1312002
2452983
4698327
1250643
1111946
2718924
298183
3664884
3527907
3949662
2556372
3990295
4538913
728293
4418373
998504
3462799
3345489
1441492
3849940
289648
685644
2858576
4021729
452411
2556466
2096701
2398423
2036178
1412025
1852106
2037991
1139582
1725119
718680
192081
2989109
2006833
4702202
3373416
4486019
4937924
848487
4859130
3916353
2685953
2661649
3540384
1845838
1086159
2300783
473400
615254
3661880
2708705
1019758
1490647
3803619
1386765
1380105
1127198
55014
1015422
4535646
968136
1512482
4001663
2289121
4446530
1179533
3776744
4655587
452163
4257621
1183780
4680245
1828928
2828117
3944463
959347
3670797
3621209
1882812
3641722
4788634
3396505
1540028
4532940
4466096
3897765
1432436
414434
3853786
1438962
1142739
4120570
4326823
1160229
299361
11426
695933
4564246
2219
498915
4565359
1422450
1875624
3011978
727710
2476102
410410
4040202
1089517
4782647
2097028
4174327
2634809
1138189
4589796
4662727
2307057
660825
3463990
4677441
696746
3373243
696011
1754412
1452374
4535567
4249049
4357733
703365
299239
2250336
4672557
3852475
1416478
1799774
2163777
488681
951813
4790448
1300582
4871057
2235880
4518049
926726
3523661
3703625
958330
625740
3848785
1777723
1953945
2216450
1898067
3626176
3872887
1215275
4233276
2115768
1627330
2427109
904190
387831
4850389
1160040
3428737
4723912
1088702
1794234
4070007
1354762
1090126
2983157
396857
4237776
3101581
3073903
4149622
4055550
3776305
4213774
4055460
3234135
3154294
3902052
1567975
3927966
4627730
988924
4708901
3632316
2509757
1395695
2471609
125399
1121340
2159015
432694
4204565
207998
181319
1809635
2120373
4126814
3099459
620071
1328643
3860712
3446755
3633795
1108657
1278148
3130285
4030806
4533390
4414635
4228923
1520030
3480568
3765985
4209636
1078246
125702
1520244
2895304
2581680
3720559
2081022
1532482
664611
3095638
3851446
2882510
4608985
4786879
494697
3352231
3666243
823569
3612340
2868697
1890386
1154986
3019987
3477128
3759815
3520468
673641
4145337
3610262
1112024
497604
2458800
2164948
1012965
3790962
2276866
262424
2003319
3012251
1070031
396382
2359147
3428241
2916229
2570667
518533
2314484
1761076
1845133
63236
1542767
4676835
4156198
3817495
1785538
3120438
3189107
4562021
587294
3665922
1171175
1308677
2055048
4808859
1326524
1956749
1154844
1301426
1088509
4692995
1467082
3450325
2346951
3153550
1524175
3219500
2289669
2244364
1934199
3570050
1385152
4408390
4978599
231533
3390177
4074554
3654658
3092538
4782114
512623
1710090
2314326
3398001
1681221
4501377
2899184
921477
2176451
1067073
4429510
1727238
520474
1031443
2868729
3069812
2829988
2256841
2805050
2374106
4599421
4373935
3792707
2713591
4576118
1720346
4161423
3384403
4682591
306648
4818447
4241384
3559310
170693
3852979
2274463
2683892
3275482
334439
4640200
926464
2725628
2469766
2681967
1027353
4355759
2125773
1738284
1106567
1397865
4556896
847535
2831911
471174
200040
1743997
1498671
2842658
1769137
859530
4905915
1915725
4838718
1967365
4257711
3418337
3609206
1734720
1118146
1689044
3330710
2455029
1492457
1476691
654717
1972292
4443872
3985328
1364837
1831835
4479265
1432939
4321431
2487836
2774304
1025990
2106647
3892602
1113520
2827228
2557754
2221706
1934217
645785
2226170
4099077
4915662
2874453
155387
2884239
609420
497478
2287238
2009393
1643077
2847113
4794471
2312797
2715407
3333778
3265275
3004825
4859651
3817531
3051691
2206126
645634
4804495
353379
3710576
4071753
3844678
1171814
2042667
452590
2040767
3676514
3724529
169951
435769
4975815
2466100
3868150
3917037
2777992
1106425
4391000
1438762
1885622
2776026
634268
2438649
1160475
2052656
2447913
1191101
1330081
3391639
4436211
3949498
1513555
3083435
3006031
3310773
1890284
3791872
1264895
1946485
389297
3375780
4680939
3553685
785205
3151863
4326774
2716462
4807031
3679456
1431424
4025886
2748004
3315313
273387
2445461
3851828
1552674
4704586
957216
4590566
1926120
4184010
1543878
3923658
4384052
280263
4102832
4109084
1969089
2527132
2614144
2821556
3869572
1254416
3013709
644012
2098071
59628
1116610
2230354
2800746
958300
4466393
3178800
4943985
477476
40951
2120356
2589555
370972
2441098
1580414
1402801
4081375
1859523
573420
1152707
2491634
1233648
2175571
983475
3448734
3013257
1850967
1687096
2691571
1972102
3884233
1839717
2713948
1899664
4770714
3736485
518698
4602685
692088
794522
1222352
4675864
2456623
1146737
2193313
4876091
4624717
2834040
2259560
4351686
3374190
250962
2165524
591915
1362713
3894235
880983
2650643
2872271
3680324
2020102
4625439
4378497
1487713
4352854
3244419
1264023
452749
664042
2638574
682881
3440827
886909
2846257
3267365
1510869
3199824
3577780
683747
4138887
275596
2710572
2477510
4325983
3348558
2167371
2952530
415342
2608190
2678758
2862581
4953068
3279539
2859205
4526117
3477760
1092620
540789
756633
4917252
1748866
41015
3850373
4834013
4238982
3388368
4312276
560276
1257933
2429926
2200418
3208480
2089854
1771810
851871
2093032
1747157
3803372
558075
3720159
2603792
4690087
359921
2346744
1340195
3468141
3750057
462427
1457441
2259533
4453285
543399
4204040
1880903
4898405
4026814
2752017
856022
3776771
4151884
4880767
164421
4509148
2635204
3878353
4038978
3736293
458836
4298798
3910908
2263264
1511253
4258393
4207211
1068444
1491518
3577849
4770852
3665971
2431768
1123728
2847164
3567527
1305662
4060496
3324508
3823634
3454070
763463
2419393
308651
2364179
3742797
1040826
924948
3488206
2503121
4438570
109268
1384745
85649
3931499
244457
3214392
4800484
1500430
3666274
2563698
3599689
4221014
171701
3716974
1380602
3202013
2307548
2672906
3807270
4847938
1549910
776237
1797529
3972059
4531456
2640976
3620116
227602
2055680
1314474
3021169
4194694
1244465
3482774
449091
3615517
3268901
3645375
2149920
2852199
4441877
4781893
2403436
1368000
3647784
4364665
3678926
841398
774131
4783012
3092959
2069786
1882317
503393
1273210
2049383
3757515
1812424
1124859
3064517
612133
4555012
4035139
3263974
4615472
1567027
4196671
811214
4139602
1245477
3808935
3120228
4467971
2948383
4027662
3020958
854772
4620037
2715723
2698610
4396733
1493284
3819186
4756202
1400878
771965
3610159
699921
1084018
119053
3621542
281732
2786449
4487404
833777
3195945
2645238
3381762
1036672
2467392
1900495
1325636
1518827
3322374
3853753
2225560
4421474
4163977
3332949
4404201
2278043
2520433
4909410
74341
519599
123938
4593473
1866440
2756489
4041302
2982745
501111
1860692
820508
1179589
4606796
2004069
2610314
55573
4129039
2007717
1922205
1877881
3143109
2167026
1592061
2203855
3147726
1001497
650120
4906809
1483807
4096380
2333139
4665647
726460
4625318
1859014
235919
1510364
2593578
2179008
2414990
4076141
1678746
2591740
2824986
3362721
1155549
4135454
1627999
3017761
4601086
2002470
2918682
679393
1996737
2587656
4578334
3461860
334142
3007953
772888
1090206
3942352
3262190
21084
438811
4155871
2853653
3622273
4137991
483331
2762971
1842023
3145676
810759
1615324
349022
211166
4375915
3147551
3756970
2614037
1192851
1626812
4012977
3535852
3505551
896049
3852531
2528034
2486712
4630665
231041
3691579
3465621
1141552
996057
3189552
4080630
2371858
4279094
788086
2566024
3698762
476038
2323675
3569012
327213
3559310
3275778
543489
2777989
3034439
3020759
4904214
4350451
981989
4570374
3985894
4317569
2441793
2809233
56240
2489001
4470821
1681928
1888032
1970009
4717129
3525923
3864084
3188254
4531502
2285840
3638602
1597551
4311203
4774036
1923655
1760526
4058196
3278945
13154
2309507
3630708
4619046
276021
4896026
3204893
1132719
4113843
950843
3627129
1134700
3618183
1370003
1720264
3377128
786235
3466788
1371051
1030992
4987833
4430954
4996424
699476
3482310
3862062
3999503
2015361
2387129
1286543
4422361
104419
2503212
3946543
4139098
1079214
4200795
928131
3579443
2610825
2441649
3521732
1053022
4466446
4988877
3260233
2592514
2634227
2696535
3731025
2898732
3594023
2608048
1075097
3640969
1398244
902084
2422735
2113203
1682340
4950181
2661522
1348617
566487
4752427
2685099
3218855
1790549
361183
263452
2989025
3929448
1800479
3537869
261272
1998543
2750125
3021599
2393301
566835
1236026
1659948
1218854
581260
3061300
4966396
525654
1878670
2275791
418647
2752941
3724510
305014
922214
1021965
3117544
569841
4584971
1567479
4932576
3914981
3720793
153134
1060843
258603
4532123
3480977
342838
803831
1721615
1699161
1116551
2029939
3500614
3307797
3487743
2923704
618998
546808
1614823
206188
1342544
3735540
1891495
3851980
2474555
3709167
3140175
455059
4995023
3669883
924936
1913177
3188114
3668373
3110065
2487792
2930412
4848629
4879031
4009015
1885208
3388382
4379970
125824
4907230
3195765
3906746
3334413
3482613
1655409
1478324
4665514
2054721
2404008
1301735
166004
101003
4751829
2581791
1798143
1796130
719271
4130017
117173
4543631
2832540
2940075
4671814
1213013
2462131
2510872
194724
943806
2473004
152922
1601253
3356800
1295188
4979026
671800
3363008
1513264
3791737
600336
654025
1228107
4529617
3668188
90770
4710947
1992896
2670613
4256811
3503374
2608904
3745039
4433948
1465907
856664
74924
3386753
2729513
3613346
3723126
3197517
594513
3378051
3152756
2278523
2667327
3177185
3171972
1240101
113162
3558201
623430
1151421
4191804
2524113
64461
3527912
2051631
3563313
2315301
797436
2304330
1118294
621985
1747431
4920725
2813411
1353064
3474421
1183340
4822249
2940573
1646718
1223934
4916024
4360645
4391782
299615
1173317
4659534
2230933
2228113
11384
3834175
1781043
1567972
4325638
1413582
831993
4071176
4108191
1221137
3833985
4997457
2342855
4310659
2300368
16234
182507
1289520
2428753
316423
4295421
2722454
2578996
2835540
1237157
3019210
3019177
2978563
3067445
2231973
2008564
799596
955307
4762142
843236
2060406
3672787
4919030
4029977
3766542
827654
4346095
950225
458338
692966
3679716
1390259
689141
1924750
3207745
679501
3446287
4950416
583134
766594
1910588
1859761
3918565
963721
3102671
1099118
3650784
3164522
809731
2607771
4227789
4081200
2331714
4642244
168699
747996
3637945
4489814
313295
1486511
4804233
4558349
2782962
1068122
378428
1425708
3310690
3634688
1180730
1191139
1978255
3750838
4196013
307982
1812076
3121050
4667427
3543731
4178038
232177
1402977
109328
2065479
4156958
4744071
2001387
2454158
4953514
3769713
2032907
4300364
3688218
147978
3713033
4889622
896683
398411
3022179
96990
2192089
4545621
4027835
3169090
3523766
728472
4173919
1336021
1080502
2469008
3278633
920161
3718582
2773394
4863576
802863
3789729
1146675
4190107
579701
2462279
3850520
2814982
1781665
4394180
666060
3008770
73549
1004289
4705154
2442334
3837235
4209372
4978496
4321594
2022571
1214251
628765
1940265
1451232
1292837
643116
4796987
614981
2664607
3784125
4797007
844137
2111589
3498459
2628172
3549179
1808108
4164620
3200919
3982023
4129525
2863509
3833770
324571
4644872
2358209
30492
3501992
1999315
404412
3060804
3543867
2439281
3985014
4892581
4977286
900769
1120235
2631459
826416
3313772
195873
2873751
887333
4186979
4311035
3056658
4836617
847902
3644785
1648546
2258802
4277811
1463560
2074352
761986
3681651
3274550
875306
2623152
1210341
4465604
510161
1100517
4552756
2422400
831897
76061
2625284
1236212
3750631
3783736
4420421
1631908
1337056
4730963
2604867
436831
2074117
1206219
259016
3177813
1851460
1421487
4999187
4718723
4816178
2056409
1564555
503267
730378
4411997
3503059
1782500
1136231
3667850
2511482
4335055
308468
2462582
1705595
109290
3947926
1718499
4467196
4328507
3477830
3580373
224073
2088772
2319480
2501579
2285785
3804081
2541071
4288378
3220936
1805861
4400063
4530359
4798565
2809029
2970618
4627907
2938576
4099507
445592
4219156
3154572
3433688
3957286
697107
2898071
1998535
1624851
754648
1721806
1448380
2616161
969465
3775248
2740989
419870
3860444
223569
3047245
3228054
2544437
1274252
618026
3786814
272405
3587621
2276899
1094500
2281446
4730402
1971509
1192484
2542274
2390370
443622
531809
4256079
1949970
1384234
2529274
714552
4540590
3062195
4768257
2452328
3759220
1475912
1524480
4713193
4209398
998211
223606
4330879
3959505
2649710
3369380
2401245
490099
3271579
1348014
251244
1029404
1162187
5791
4256971
2295202
2248598
192119
82269
1056472
446692
1403349
4524300
2483567
1193526
2547915
4347558
1459495
2223622
4748403
3105607
247782
218844
2558934
2680152
4804004
4482565
4913763
509773
2449451
4669697
4957422
3680334
2024220
50946
3024406
1861338
4422192
3441697
1040995
408659
2899743
2213743
1778684
559622
2835635
1102814
3119495
3095690
4028291
3405209
2185057
4242319
3039760
2856670
1335362
3879894
4271094
1527838
3541711
765598
1162998
3724313
3401457
2600570
2652244
4503388
708949
3681048
101169
4976701
1848168
1276477
3537518
4032711
3382669
583164
4179930
4046516
586443
3378328
3438051
3915747
128893
1809572
4213402
2948936
4433422
3407910
1632
3286366
2513694
1045011
3229761
2734583
4459272
898240
2859027
3375535
3371426
4755930
459688
2355756
2906250
3695842
1080563
383286
2700683
800816
386121
2876833
3351241
4080406
3946969
1324286
4047390
3333266
1329248
4279516
3111347
3301515
3607623
1848969
2691101
3644758
3167763
3810341
1733595
3657366
1254769
391247
1954146
3100278
1917498
4192471
2744346
3600063
2346738
78597
3596780
4348720
548274
2212888
245791
4696783
1028065
3189192
1061838
3929597
490751
365164
2348527
4117267
2382520
836126
2596829
4824515
2599951
678977
3102442
1409778
4687346
1760080
3354976
3797829
2606839
669939
4284910
2582905
1911141
1054370
85336
383259
662329
2122567
2218679
1713796
2971565
1929169
1973141
3397509
1951974
1777881
4237737
1840461
84971
3657095
825983
3103776
4398401
4911978
3615857
2111343
4323218
3173197
826130
857610
3916776
4909987
3396158
2387873
2004961
1379376
2037663
2691776
2940273
1804687
1833074
1030285
4212900
2652037
3479027
2108233
4579023
2960284
3977998
3153555
2401281
2593083
3927668
4190643
541950
4988522
4490145
2066527
1383849
3642359
4432754
4029352
890204
4039092
710660
1691472
48665
651712
3076328
4776968
812550
4355762
545612
2230772
3450149
2286066
2206571
1833583
3224420
4644259
2152062
3153282
2024220
2584265
3409251
263832
600501
3597554
4648166
3784960
4866031
3449627
324527
1767145
539610
4403029
565744
1598650
3643474
4448597
4081216
1090131
361373
3738489
120001
4767508
441476
1372350
3499880
3562642
2499477
872216
2735466
4919259
3545837
2048973
2049791
1829842
3479386
4283791
365861
214578
1001448
1511337
4094543
1809057
2501613
3900746
631925
725610
4166430
2947558
1963535
3556578
220976
2116943
4048146
4665386
1429614
2136593
1234430
4165742
1612845
4219965
802198
805580
702912
1817126
4261694
1809635
4011793
1169711
341986
4413390
736094
99205
3278755
4828617
3280956
3466075
1318238
1880803
255809
1966499
2914885
1585610
3293458
2269141
457164
3600673
320630
479071
728208
3264092
2989460
1735698
588114
1508265
3040462
1183139
439604
2523496
1674339
1797805
102893
1389058
3004088
1585025
1235334
1776805
3182122
2381698
3621860
3331877
4855013
570520
1199673
4504163
1303170
4078246
49659
1769467
4859554
2017898
2931703
1831295
571611
3690655
2022019
400099
1794452
968846
4123403
2809773
2382369
297801
3574885
424736
1355625
1661623
330249
4938093
2130164
234489
1809693
2781531
2032026
3607432
4093605
977452
3828459
2732076
581923
4993336
3398837
4099
1