9939
106574
1050753
4032709
536812
2077276
3070626
3390453
2708702
3857680
4912399
2746215
2920423
679966
837911
49561
560549
1176580
1848251
748478
805961
4424394
94065
1466601
638240
973026
1841890
861583
2009635
4035387
1240563
757910
483507
277211
1165240
696013
2375850
1896065
2499276
3909650
1731372
808576
4801497
2832348
3533112
1091332
1998767
3295440
4973575
797675
4287308
3508435
3341237
1451006
235247
69608
4005509
2315351
2026567
771210
2024869
4405502
2933137
3148847
1689811
502662
993460
2561063
3547967
3737774
1126759
2113703
2512789
1995782
2918784
4856348
4121639
146448
4472334
772242
77425
2127611
2725158
1705154
1181120
986839
3724756
4773928
72501
1685516
4448939
4261973
114836
572288
869645
3705410
276838
4894907
2615927
2291244
1981003
3763580
502062
1619644
595218
4204540
1958237
1418148
2873930
4178815
3956347
2519332
387650
110826
3868126
640048
1602640
2654270
84751
3737235
3500504
108429
1887840
1643334
547346
3190085
80419
436168
1645155
1879784
2277647
4391155
353457
1676961
1931260
3589923
3826377
106654
4118472
3765671
1554985
1329353
3371007
2539363
2532535
272425
2795465
3695038
648489
1529109
3018933
1371317
1466306
2838572
1967706
3557114
3254335
1762858
452068
3277298
3571868
3062941
1800131
2198830
4441872
4938075
2581199
3966681
4314946
2091415
1692211
4970025
2338363
857435
2895913
1891296
3949036
2086539
598153
1547502
2607539
1104138
1665634
4792377
4412967
4555120
4900726
4023893
794909
4178941
4254030
2782757
2644956
4228559
708024
2797438
4045690
113867
3946887
3363587
158554
3296448
4360551
1225931
4580533
303111
4639812
285493
4610160
2249652
3562045
1116332
925009
3332440
3162726
1572960
871956
2490301
1606269
1821313
87416
2967731
1764515
2958968
97351
3776462
2948681
97305
3984052
2701300
724008
1742966
1341589
3621555
569406
4248809
2189094
2141581
4414689
4309339
2031866
756295
3563422
1777085
3582591
3330615
908449
2135267
4144563
3761776
4408454
4755813
4794665
4892955
2153967
4481497
2349362
1755180
3834340
2479577
2683018
1830258
1138188
4746430
4548193
2003819
4650968
4777282
935923
3319699
2320768
1791922
3817556
104552
1554019
1554922
4666019
2496888
809142
4075652
2909471
4537364
873853
1862970
2145575
839430
4137616
201542
3121676
2974189
787626
3314461
4765686
4783218
1505666
1088212
3164998
4591949
4762681
82218
599842
4036979
3224050
2843025
947687
3764464
2178394
3709147
494894
1222928
1877830
4550549
2382657
1419413
3994154
879520
3815392
3346663
1105300
3014546
773896
1079888
992095
908442
4871232
1535525
661915
3986091
2599248
601749
281613
4590333
870704
243960
2855788
4592310
2688009
1945043
4608303
2850763
4823987
951266
40851
4808107
725365
3858703
4295559
113229
90837
2519617
4689402
2837778
1375838
1078643
3802295
2582127
2464566
3780522
4026146
421297
250919
1232129
4077788
3075955
531721
3405825
142508
2293551
2656869
3725308
4344831
2198996
1962490
1382765
3748807
2670348
3917247
4065992
3650084
1890991
3675944
2619983
4480895
4602908
2342614
4509312
3021338
3089686
2027052
3423514
2717586
233528
1922503
693921
3702323
2579753
3058406
2429866
4917641
603357
3398718
2609084
185343
4633046
2711387
480054
239861
623452
962388
3108906
894390
3541521
212644
940167
440536
1911419
3259692
33591
442779
1587901
4057793
1559103
3110396
3619994
724371
505793
579471
2320211
121399
3208758
1609197
4450807
4668856
4341367
4801480
2458141
3446829
1720725
1606690
3580485
1128893
2336518
2502699
3844540
810336
4903141
699378
1090728
623001
2774879
1653369
4861860
1189649
4106728
1972112
3661213
2725711
2408551
3366626
2743235
2515364
2698262
4532896
2274694
3288851
3267038
3385864
1080496
4421520
1708685
968934
4588934
99035
3887783
2797478
4818324
359408
3434058
463054
394519
4459636
3196393
3360242
1105379
2683463
4307272
1117779
1791579
4549099
2349710
1614922
2760279
402104
807522
4190497
3419263
699194
4340517
431584
4243990
120895
2979190
4671049
282792
720742
2675061
3462654
803901
4427730
4819761
1628464
3974344
3504995
2118542
4080945
4479039
3959522
3840749
1135945
2586053
4892977
4267480
3210103
4118276
4283821
4761138
4254818
1468930
590556
3383334
4121194
360932
2291502
2585552
3949919
4104268
4788740
1410287
3003462
1881573
2165598
1065273
4816518
4200191
2704666
398795
4356048
3937514
3823161
2651087
1207619
175935
2408670
1368530
4125060
2513146
3485170
3952079
4413934
4226647
986216
3668227
1517241
354336
79051
1945204
2216532
1464865
1127113
1364905
4335695
1552776
452505
4685070
2959083
3952556
672050
2788916
1821155
1061969
4774668
1744630
987710
456935
2140968
841139
3746321
1985844
4759834
1194561
3260614
477129
1934444
2891051
4398593
1018671
4089032
3444415
4569988
3163361
1616229
2318961
932888
3982528
80214
1144242
3592838
4762698
530613
2237302
2354264
4044263
4381470
4386037
3883810
655591
2565738
2811429
4911029
565287
2735397
4318111
4403558
3495551
4464326
2607947
1823657
898229
204029
4059755
2370197
3558804
3634634
2174561
3451466
1442642
4117044
2631198
1567691
1289746
4251982
2888309
2646708
4527800
529621
3763524
2229730
2701663
1378208
2660672
1806330
4058405
4841514
377228
2935192
1509223
4351575
14392
3250746
3961307
2558540
908846
3151497
2442819
3081170
3846827
3802159
2199965
2360852
1684220
1754705
4612875
1812341
4245565
3082587
1462795
1556285
2251617
2235505
4450379
855578
1303745
3092163
4389490
4836711
2717662
2504210
801583
3856609
4436204
1373359
3166113
2003586
1402877
82605
3242240
2846329
4235465
1741583
2719197
4929243
2912377
4872548
3225112
1506663
4881760
3912773
1503904
4886618
4195948
2304449
924634
3492818
977608
2828849
2450800
1016117
3619167
4335012
1522497
2313323
4569621
1703955
1479354
1443482
2060533
2680082
4230200
349082
968339
4830650
732095
209928
1284405
2557377
4132652
2254239
1681178
1792316
1196278
401334
3703767
3147346
558360
4082366
2335272
3223315
1765341
3543490
293705
2296366
3076987
3329809
723097
1770128
1832570
491892
3514341
1219154
2573536
4924320
2682494
4375976
3531795
828230
1870211
2249507
1018363
4154541
50902
3705002
3469149
4652912
3334363
4724597
2503788
275451
4944020
4551388
489361
4754393
1793821
3485619
4937005
597260
2880558
3295053
1952183
3269116
3414057
985448
2324333
4291925
625869
1927359
2000174
4764433
4368338
4133216
2954957
4103386
3593164
3922577
2467245
644419
3090132
1950009
3169291
2696416
2903313
4229712
4599560
2162308
3027959
774291
2549649
1185868
1322489
1712708
2013520
1334992
1596105
3355705
2906492
4736869
4909648
4631820
4598401
3528632
634212
1094795
3369215
3857076
1258097
4281140
1129848
1038104
245834
4437331
460576
4806814
1717629
2024178
631688
664550
2323297
19886
459142
4277227
4260779
1882712
3398674
3312866
84602
3258348
1430038
4379915
2214722
456159
3375550
420583
1041343
4941359
297992
3296192
1788068
1507993
1829540
4068752
1597844
3316401
525297
1497272
1031045
3081346
190071
2459721
2506287
3264471
50066
4151431
4501850
2369917
2577864
3767805
2557463
2764817
1205232
3099880
738047
3332317
3370774
4806795
2168225
87791
3674685
3831690
4097575
3570860
353172
4889510
4721991
92819
2349459
725052
3346564
285256
437375
4510055
3395517
204568
845152
3991592
3920008
4176714
3401521
395506
2684307
2177373
3162752
1121070
1311758
3019351
2317738
3722132
121466
3875962
3224826
3219371
2902969
4013089
1152182
1224926
2974366
1183578
3170102
1463538
4909819
4112147
601406
37883
3052484
1520082
3025149
150616
2440035
1793031
41333
2121904
3026139
3419385
4159272
3952103
3022318
1119654
3787275
4405983
4427820
3678702
4827747
116817
1155663
3649598
4323717
4760205
2373679
4157560
2232266
714711
646492
1962131
506901
4658153
3335419
2943862
4267834
4576000
127877
3121917
3137463
76900
3717196
900122
3032672
1247210
815863
2925332
4684916
4832833
2381828
3975839
3043111
3597990
2061675
2839630
4581767
946280
888337
3142088
3962200
3623413
4010266
4331300
2484411
1069031
1485395
60698
429033
2791637
133306
3241847
4185724
1701010
4480239
2003223
3940114
1217008
4523531
2650594
1489588
742979
538090
1038
1