77836
3567768
151273
310556
3161915
3872360
1195746
1176077
3728507
3633973
29748
3945394
1512407
2663223
3382105
2163805
3461201
689850
3040066
3106125
3234838
1166126
3998921
931180
3804365
3528411
1904206
3103953
2724537
1299491
1496771
240641
4957673
140149
2909022
435796
4126353
1276608
634098
2191501
1712615
3605503
689425
2723466
4695494
2338933
3735412
867197
4497925
2872009
1237279
2036470
4464179
4188977
4905884
3978486
3288527
619400
4806562
2903669
88970
3111725
103256
745211
1930620
1844849
1885904
574778
1453789
2024034
4379429
3986071
2217343
1130453
1148754
544218
3722922
3697941
1397217
3748652
4483185
4007518
3190474
4443679
2127038
2144797
4130672
1139871
3788785
199968
2193251
2021912
367178
2874682
158927
512976
2967985
2204235
4260849
544395
377971
3227653
1868106
722872
345054
1907565
1654884
3850856
234526
3915875
3987717
3715885
825722
2916529
3081592
1112478
2970469
243113
984608
4541298
4709156
4937987
3026606
2081136
4043606
4119190
935544
3292133
623170
824298
4319495
1532681
488675
1380790
897956
590985
4485548
2039515
4203479
3481684
168160
2557421
3631809
3547435
1084364
4984577
4950509
2857501
3301913
2972316
1220462
4604982
1321993
128826
3112457
3334630
2700956
602468
2755671
775894
4573401
763624
4486439
4692374
2297498
2489857
4981290
3722875
2292523
3515258
1061197
4632579
1944051
895091
738385
195574
3134419
9405
323960
2757850
325163
4577359
1455011
3494076
2180150
4719861
602340
990257
295139
2701826
4229136
3481343
3272915
3705205
2017088
1376376
4852743
4344706
4371320
2029107
3795981
4654390
4856051
3678168
750411
4281610
4742552
3174383
46817
1105554
3230772
2071205
2765682
4754820
4838410
1200836
2598414
387586
3142126
2732638
4799360
1104703
4371336
1351742
1224081
4750443
3929773
664609
2635288
327889
4305424
4924962
834115
3160884
634525
3882829
2111265
4521835
3722583
1892068
4261899
3100831
1423982
3294716
1933903
3342855
969466
4522581
1475573
2854608
3873646
4528332
3080858
2261872
4605679
271307
3626531
3515844
4995566
2147405
3984202
3601258
1253823
3777321
3819653
25535
3381752
2364761
2645654
1473696
816897
2183667
103588
4901263
2017843
3162435
965502
2487045
4442368
3705647
4807875
4347794
1108464
287165
2701471
109729
3352917
3031438
1600460
4762258
2651319
132554
2200700
1502829
1740225
2444150
3550072
338844
441342
3061971
91780
3519299
3131100
4337861
4834934
2397171
3408984
2501116
2484653
2809894
3798872
2441934
171155
2271878
2916974
4456172
1406868
1083833
918694
1593018
30121
4985698
1039011
728980
2818549
3823014
4462851
1209395
965850
2815492
1443170
899436
1807459
1095889
4149133
246613
1477886
2036604
3860842
1797783
1568268
64670
2995327
1300412
4013815
4511149
888442
951627
732507
3969058
275720
1954151
2166168
4887154
4024729
2600175
4986284
122712
4531303
2512315
1092699
4364411
4264108
1091455
1915916
3913723
312356
255563
309123
4370690
4445405
2683945
1054604
441827
3897723
1222753
2789201
4593764
4908500
1954568
3309167
735916
3367670
1446604
924039
1566079
526152
1147553
2609502
1309012
1866276
2366647
244345
1136810
2395231
2020751
127699
2629857
1132821
2377033
1212960
2223931
3527096
2352857
875415
1568794
11210
4820481
1652365
1810195
2230268
3431569
4542006
360651
4951199
1726026
1243088
52573
564274
1548717
2919037
1655096
4662310
3953092
414933
2829951
3127532
4147646
2198329
1915942
4084295
3545487
1643953
4050254
1828417
1161758
684302
552852
4057120
948323
4085085
1988053
2335203
3344369
4070171
1949332
4196503
3914647
4968178
1299099
2457276
4910602
2210120
2289879
3352659
4105190
2848493
4073592
1077024
1578953
2082629
1431999
3832677
4496156
2991047
4706473
3666457
2876406
4991448
956250
439032
1981265
2088751
2201799
2731507
4692368
4500738
686582
2073535
3065363
3358518
3333273
2328159
598650
2457588
2761832
2699634
4469757
1154127
1331925
789797
3243946
2714286
2864514
4494114
1930482
3309285
3700171
437550
1282872
3450110
822568
2629386
3630093
703976
794319
1251884
364984
3454775
1407187
740762
256326
1891564
1203340
1552236
401773
4659307
1089592
3381789
4878639
4560456
3230215
1843271
743968
2638498
2304644
934111
2885712
1543468
2682558
1526872
2827750
387439
1651443
4465604
2451613
346068
1284605
7042
2614046
2847692
4586935
4866410
1263766
2342166
2403873
1441475
3418837
971519
48951
4492734
1109982
4385988
2473685
459580
489245
4825705
3030166
1137857
1065979
4522952
3745316
1698733
2210011
276977
1254741
4847202
1534639
4348948
3150267
1338163
3543813
3409572
4517751
1483348
4843239
3392309
1571743
3033501
1137781
3914637
2428768
3582249
4065717
3095006
3609305
707294
2785447
515330
3315048
2891114
2815153
4931569
1361139
3856178
3196585
1895164
450323
3390678
3138393
3119267
3147568
2092442
3422149
3838539
2637657
3033431
2954814
4959959
669852
2231909
3335173
1994524
4102440
2225645
3865285
1057096
472222
1430013
4274315
4338039
572287
393494
1876521
462167
2971209
4949750
744034
4761033
3807875
3992900
4557247
1337470
1209691
203797
2308646
4778071
4242715
1173238
1926198
1855723
1819154
3673910
4932688
3511256
3402633
3611691
304132
4976910
1831010
1618460
3365533
3587377
1900294
1960292
2884318
3644131
1395631
885215
300054
3714369
1682910
2731639
4607974
3603470
2843867
4844027
629721
2225228
160846
3489540
137434
692445
4656280
970264
727932
839733
3454212
1529776
1177719
723562
4318675
4336105
499197
4891665
4993234
2161034
4721356
1786105
311072
741014
883429
3263930
3835778
3370253
881284
113454
762832
69765
88680
3769686
3616009
1988973
3719383
1137109
1055997
652419
4058946
1379812
4932795
2908721
4264582
4655056
107805
2388742
3394225
3053085
2597898
1601460
1568621
3583734
2084221
2660024
3086644
3366555
2877190
1561292
911875
3191156
1105528
1599895
1619354
1871516
3493014
2202723
1050037
3974961
3469130
1868365
1749926
4730059
2147324
62807
4531489
3779942
3408997
1012647
4331791
4660099
2958534
3937529
3684399
2374330
611857
1885664
3650472
609235
672678
1673395
4100524
854096
1199441
4757605
346011
3337901
1355389
841335
4507598
3999932
3311891
3193697
158369
1888603
3147180
2569086
1075590
1856788
3358399
2704118
4523793
881214
851634
282661
536158
1622908
1683729
3892260
1139844
4615788
1286855
3163757
4486638
3400380
155886
2603649
3435119
4970505
1218612
1350040
130055
4295682
3219453
3462680
515618
655945
4373995
665990
4792538
4699071
423513
426116
3807020
2567447
3808508
3030677
4299010
196381
4628529
4646397
4050919
523538
2495926
3378122
2935498
1011
3191474
160701
4015713
4965334
3567756
2623093
3088399
3401525
1988591
2964007
3300436
2776605
164612
65550
1516988
3552778
4861591
2931995
950183
1368606
1455057
704039
2450131
2822871
3399713
2451554
354009
1744587
3148080
4250680
1293530
2690016
1768823
2048885
975889
4593722
129690
1913473
2448508
3939498
4918402
1228669
1740608
1046350
1424362
1400551
1967063
2822629
3716901
1030325
4020711
4520692
4666475
4205574
2815489
427852
2614693
837282
3413308
508904
1550815
4677765
931665
709744
4288292
3213679
400414
4272539
2262217
363496
3045430
2630297
4931078
1697479
2857135
4615327
2940300
1211775
3644322
4997049
2608379
4241372
4368500
1961061
4293826
3758404
3362241
4775153
1279281
4667681
2339411
1838414
2923410
2230353
3565825
4245541
3826116
1532095
800523
3975278
4138483
3318612
1578763
3659549
3450503
1408056
83979
1681174
1114176
2168472
2680522
3160643
4086176
515611
1770124
4082646
3014726
2426397
786246
1790619
3735177
2613678
247705
2309476
4829110
3954195
1021786
4773339
635746
3313497
1427708
1610605
1022622
2943586
321465
4048555
763143
190471
2944862
3672870
533303
615863
3234822
4162757
3176321
4321897
3181884
857314
3635913
2243141
848368
3555615
3929448
4096152
2477392
335105
3355026
4434854
2491454
2221058
128582
2590733
2372654
3671093
4231394
3426892
1247053
3159059
1166535
2427431
3901843
1407967
2959118
2806320
1163220
4980182
410434
771545
3681483
19244
939018
3925265
4043981
3781670
195076
4468032
4431441
2410401
4325982
72642
3068974
4003993
4683114
1268418
3875558
2285310
2008029
1488271
3282581
2698370
1381003
3880799
1855741
603257
4878576
2843838
3418413
429489
4938819
2518495
4112021
1406597
3695628
2442176
976062
4016696
695277
1204271
444110
1873372
2652778
902036
3173816
3828113
2030620
2833944
2878873
1735312
4516545
2269818
1721408
3022088
102389
4082284
2167952
4590609
3100689
990112
2894382
4665841
4235528
3660156
2672716
4845381
4151318
4384336
1771844
2872266
1446441
4238863
1820428
1328475
434610
3438204
37569
829031
866265
2077056
1899851
2300099
3725218
1815651
1010427
977510
1009437
1510985
1862203
1997317
3784948
2822603
3366805
3395170
851440
2440362
2339302
3908754
252447
1262570
3252157
1586276
2246844
717372
3324363
1156721
535676
1873660
1081738
1490173
1551332
1820248
4875240
4636490
4028608
2107481
3462328
3334343
639025
1466308
2545810
3423419
1077452
3434016
2898252
1952873
717377
3076057
1675351
3057375
4298116
828790
4546808
3954645
1892595
4399759
1938479
2106629
4980910
1412883
295067
3916207
1401808
1351947
1535056
4461250
3615917
3221663
1352111
1940443
2083163
2519789
838719
4669152
4018906
1331343
754003
3463659
4498265
1954237
2062077
3685011
3654487
1597213
3449486
3449968
3099323
2112830
199252
4060663
1178417
3329261
2618066
2478385
3722634
4217062
4867425
664132
3801451
2702901
2783868
3101285
393499
1265788
3544786
3270794
2704803
4669126
4064424
1448295
264960
2172161
231683
3291394
357619
3452923
31808
4135381
4001051
4166440
1463059
2711965
605140
2311119
2938315
1228937
144686
270199
883830
4333501
1995798
4886884
2918057
3409506
310417
1450125
47453
3843389
3895609
1420646
4643183
3250156
3100737
2530405
2036385
184305
3775972
1570175
1805712
2768361
1573321
952800
4881907
3439746
2381511
4756311
4404484
1922331
3797280
2838811
1556625
242734
641346
1139042
1140985
2474859
174837
430945
4338724
1269519
3572355
650217
862260
1638726
822738
1968359
1823913
4780253
1590963
4832591
551506
4535113
1999432
2263299
3201749
4838325
2612968
1904086
57947
2029736
1643057
1757965
4314045
1675586
2029281
3779448
3925893
2915862
770190
2003511
307049
3449536
1311253
2714105
3282445
1166614
2751539
572384
10230
992168
2209214
3350322
292938
2304533
4442227
439871
3929885
4684476
761101
1601921
3093133
3157266
1561299
4063883
1949438
4415294
374871
4088220
3896832
1642895
4252547
2321721
2869439
2821640
1997734
3281456
3839571
1725951
1761186
1387243
1919688
4356478
954281
1556695
224595
2860502
3418687
4944732
2324116
1959751
4483675
2089150
4984788
1520772
1017365
612441
1476961
2967220
4077357
4626585
2444251
4293016
351391
2355300
1642406
345807
3513077
3886539
1911228
4297583
3236211
195729
4036626
108249
898472
3016387
1056198
3732285
3533849
1347785
784241
179976
397873
4328375
50010
3632566
739724
4791686
821404
1929570
1247867
1060251
4826046
3127521
107131
3529593
1627518
4233255
4462246
3149528
3377665
1158633
3340050
1307848
4746748
4724016
3686714
2981620
4808170
4098699
780017
2236549
1051512
2141585
3395034
2769575
3053298
2828563
286226
1962247
185983
3131131
4479512
205801
1340276
2357573
3911358
156499
2613836
681702
1922390
2530347
1342062
2483244
3515996
1284688
4770476
4366123
3243455
3783364
2352553
704924
1269093
3715390
2697901
2438380
4629616
3086415
3586002
170611
3236497
2513084
1491329
4347195
596763
1826200
1305759
4923460
343966
4739728
4733394
4451931
4998329
4525075
3622584
3168713
4118449
2170144
1784603
2718836
4108954
478043
4768422
83149
4735559
4567887
2925509
4361662
4299873
4740500
2495837
929177
4053094
123378
1334056
4274276
2440178
2860880
965836
388724
4029243
2382269
1762750
1553267
3820251
3039299
1300163
3803197
3042648
3998946
3132299
4124814
1189567
4324407
2467041
4784930
4852187
2833304
4448291
2105300
691079
460569
1174259
2309845
517777
2145967
1319304
2061457
3219927
293988
126465
968409
4707311
1064322
1963687
4679720
71660
280429
4787387
4691888
522691
2548493
2318587
1429318
3701083
2000267
3299256
1153261
1715579
719121
976490
3767828
2415846
3781067
2232379
4444000
4279806
4278569
2337033
1070603
4870325
1856979
4895915
3033297
1863471
2075791
2344547
2427393
2396067
1579972
2014917
4039387
2634388
3208741
884064
1894086
1722977
576184
921767
727194
4733327
489630
3392730
1197650
1233512
222180
2391732
4709420
2689991
3675925
4301520
2346560
3752968
4650008
1123128
1497276
5562
1567490
4651380
2059078
179641
3123256
567920
2536564
375011
1956603
2529023
1986712
494003
3457133
3938732
1119478
973714
1413274
4590709
1874054
1818994
3542210
1011313
2601927
3381388
3639493
239139
284497
2485569
4991896
4248406
4053454
1423796
2664136
2320206
651792
2004043
2142193
4527831
3522281
2303665
2536618
1202460
411070
3651916
737651
3057441
3774232
434837
2546799
3520263
1052126
2698157
1158965
3304458
3124394
2310620
1341418
2538824
2638216
3731356
3223129
1841821
3841497
4245703
4961091
2982057
3573959
4196649
2016044
4646570
2702600
4891204
4534862
3095051
2582157
1511229
676540
2885323
2210228
3092652
3083012
103720
3719950
3816972
3660243
4486084
2356110
3827139
4955466
3675954
4878705
3873263
2228247
3454175
1223465
4926660
3327627
4080330
129479
3530980
521606
442305
4798133
236315
1852948
3077656
616116
4791047
2475750
2615800
3771432
3047543
2626379
3859587
3597109
4985857
1203425
4299776
82222
347979
1681782
3884432
3249211
3583084
4433150
2229342
4716989
2886943
206640
1825691
1511015
3040907
3127188
407157
679508
1202902
2727759
1465084
3975304
4005688
2437693
3007562
18483
3604853
3234275
540535
3559596
2141156
2440073
4857272
2134958
3461400
1913689
1591777
4856141
4957199
4023382
4548985
4426242
3866561
1085767
1329833
2061391
2591789
3661563
36568
1839289
1957116
394454
4528646
2597436
4600160
2182217
3199330
899383
4788334
750482
3323562
3373948
1391985
3477768
1611790
1043282
3822536
3822592
3161185
3219964
1833443
1657032
1649893
4032134
83056
2231373
4031411
3833886
2213672
3495348
1841219
2102113
2854626
1787219
4974716
647347
1401900
2038427
1768285
3523142
320081
2123195
1324483
3696300
3603475
3348410
1168048
23190
3804373
4111056
19689
1507625
792459
1772733
1761929
4895932
3789056
2579665
446535
1507839
2901447
4727027
1470477
3585456
4505046
2847585
3904358
4378714
2364862
4384156
1962366
2345076
962584
696519
706617
1907962
145341
4600067
2322153
1281563
2024514
4364421
433061
1297057
95807
4254495
4413132
2102855
2832539
4375784
2770109
1832822
737096
328110
3208653
3768475
3823656
1673660
1534493
4266498
1947174
264234
771099
3828965
1641729
3946477
2644765
23617
2473746
4445621
1459265
2174069
2593266
4438474
861650
2969953
2232072
4533721
4940515
1031405
4566524
2515853
232833
4253061
4733457
1642704
3145440
1499112
426273
4320863
2807127
969383
4615106
1866799
2325461
550113
4205614
2704257
4280485
3726154
1542219
1507829
1765414
1488400
4958727
3850829
1359269
3806391
3343860
1921914
4196523
2053115
4602099
136807
1018639
1034783
3741390
432173
2119558
2702309
4763484
2019549
3123974
1311513
2348089
4613334
3711135
516591
2268323
3331070
173250
1896085
4100497
725746
4241746
1572563
4616946
1382085
300786
763604
1925556
4049874
3154500
330734
2072949
3832816
1097751
2080282
1766639
2179221
3303627
1991822
4425959
2345935
4831371
4029219
1581879
4944772
252808
3510360
2825306
4523807
1038658
1077934
2663011
211257
4279890
3986706
2425120
2437073
4779702
1457211
3028683
4561216
638815
4527914
1488426
4877379
2792061
299673
4383735
3240375
4803210
3964815
125893
3730620
200240
3380337
1452951
1760159
2867391
4973007
2298718
4455724
2287080
2754767
2233044
4149765
2180097
436870
4880728
2141508
4068314
2812097
134404
2397618
2765263
4947254
1569480
3594368
3656526
350507
1308402
4135866
3080211
1536475
5728
3484711
4950441
2288766
3201284
872094
2732065
4727542
4509461
4632874
327370
1139886
3375128
2047138
2421089
2567796
1795961
2441773
1524393
621446
4718223
3061789
4551292
4068720
236195
1266753
259425
4466539
1099244
58432
3615359
4583058
456780
334877
3646577
2053343
3964502
3458138
4021394
1527092
3153670
4946371
4233318
4114923
1501757
2813425
2857472
337219
4987565
274599
3378624
276068
1962444
4450126
4837967
837646
1337969
2464564
2180977
1532365
4582877
1872770
3170323
2053261
1347594
2760310
280575
2991483
2920804
1684730
1510374
2934659
311193
365083
4462627
4958727
1071341
2814994
1500107
3088209
1423449
2509137
3670315
1849653
4473473
4094096
4284403
3271274
2693644
1982237
4776566
843305
900641
4716448
1632929
4492212
3483580
4495999
2174713
775165
2101748
4035629
2036397
487224
1069145
257368
611387
3150550
1852687
3469951
1153947
1766515
2769734
281572
2993063
2924793
4664242
1373545
4865020
3264469
687351
4226176
2500331
1036231
1552102
3510483
1222430
4134624
390950
3632123
83904
1716229
364376
2236375
1328271
2670168
4605659
136007
3887034
4030455
4841899
1717868
3744705
3743583
3189650
1537775
4644652
4470623
1310434
4457389
1661823
27151
418538
717211
4867752
715951
2312433
3884487
855105
148736
3686743
1166764
2327947
1385397
4190993
3751977
1388013
1495893
4284942
4179281
638170
4466828
1995959
1370955
2755388
506384
2463705
776410
2301419
3726513
3682516
3446653
3560216
347369
2904126
2583048
1232938
4352929
4384758
3213617
3751845
3654076
3259676
710100
4543541
3491573
2751845
884089
1586975
2582454
1069593
2412995
328473
1862045
1741534
2913029
2102053
3342681
1673130
4113283
3600563
3387859
3314746
4286156
2674871
362306
1838056
1059268
4140422
4203646
2342856
1601582
3790166
819909
1716283
2474311
1541634
2289788
928180
4443524
4476047
839404
1461941
1029167
463967
3938427
4044646
2543089
607184
4467533
4079619
3507837
1259338
1069191
2746599
4009651
3241164
2302132
1188894
2986933
372386
4383381
4467824
3194608
3800550
1175163
3865811
4104977
4764626
4289172
2768038
3299540
4651298
169465
4425671
2977325
4038287
804656
4349414
1990954
4433702
4786925
2565855
3068757
4304671
655882
1336437
3832709
4485483
1285403
4321834
2909709
815611
4691707
756619
1392113
2101146
1880666
517944
3071324
2985647
1270299
1007976
4269592
2947673
2376429
3780133
409523
1724653
3920668
1107141
3896616
41623
3748143
4224471
4856378
184127
4488766
486870
4492872
1575214
4685913
2182434
1040635
2995181
4962386
2694749
2430916
124491
1698908
3874505
2401273
1485209
2644977
4719117
3865199
310051
218420
1049240
3281982
568433
3132944
217810
909183
238940
4922398
2564090
684736
3386319
1214297
3423594
3838891
1051900
4755395
4903747
3672711
1729859
1854790
3376457
131326
2967934
4660037
501311
3227257
1785000
480808
542248
4727740
1014313
972205
2988380
2988950
4636091
1109436
1507691
951021
2323263
3729849
3914860
783000
4404070
3853611
4142054
2871926
4203010
4125794
3108149
4326607
4234302
1229077
1169683
257436
215673
4015570
1972773
149198
3769916
1227944
655977
2831442
3021159
3669014
2542617
1240994
2263773
1370800
3340560
269643
2690731
3292614
3373249
1304838
964909
3498474
443327
1025076
355896
1458775
3445743
1186635
910115
4076562
3159637
4165058
129468
3408464
87245
1600090
1893864
2685427
4384963
3793932
2913106
1551513
2059255
646569
2928017
382925
2802665
83397
2355189
2175623
3211391
3072912
4618963
4485954
1575741
3324114
3572882
1524638
4286331
3022448
493210
2718854
4185452
4101943
3606838
4246547
890706
2777770
59534
2587226
2557115
4018179
3095436
1101297
6873
318881
1695175
3136079
4044771
2844417
3174184
3733039
53328
1893483
4204187
2880145
1528498
4155736
3533026
489135
3660724
1657894
1129079
4638648
1720510
592699
3693975
1179721
3601481
4834599
1020974
3589893
2614557
71593
3434074
4422887
1714634
2523885
3728091
1169786
2010616
4715632
1784984
2813488
2905662
4500658
950197
3323865
332631
2349488
2844264
3091074
4634581
764259
2234104
2941988
2041020
2266972
71706
1477190
1140500
2372998
2588290
4742855
3328516
237400
3528656
813845
734496
3314503
4036196
1254404
3415256
3573270
506700
4983481
1703471
2341642
2155363
1592370
3856343
1849886
1083585
647036
719828
2202290
2154660
2592965
890209
681045
3655843
2973267
1183859
1986359
3942060
25788
4701449
3009316
3720892
2187949
1575580
2474575
1960486
1103290
2681225
184001
2334588
3736698
3426818
3119616
1027665
1191662
4994645
1520726
4470598
3660149
4618444
3375937
2976891
3107556
500630
2033362
4647221
4635901
2033174
3814157
429192
4916958
2519712
997295
123248
2542176
701394
2361945
3209515
2091917
448316
2681267
2974098
1720000
3858601
4312606
4013446
475134
2540250
1644608
1812303
2491286
999353
3022044
2666265
3984381
587021
2051681
2225185
1401285
1051444
3136250
216645
4129559
4615940
2071486
3757306
3635705
3592765
418185
3777837
615981
2025811
3935774
2328323
3256703
2571666
1007723
2174084
2873490
4576163
3496667
4627433
2990166
2971967
4035271
2616086
680914
4147690
3551128
293787
4111954
3419887
723637
2780370
3036760
4527230
1622713
4528289
3032051
1925603
4086088
1030514
4284634
4452169
4281346
2381198
2473054
1889979
4824523
663498
3745429
4666075
2082208
360175
988871
437055
804588
3300250
4259002
327753
2725110
4565948
2797588
21666
3906006
1669943
2996840
2514416
2235833
4546342
1008234
1606254
2018394
3296206
4491690
3062075
2982566
3404627
3841015
2821514
1944912
3083748
2221735
4697207
4742027
3419823
4030807
2426268
1274626
4015566
1024785
644958
4162577
4704359
4266968
1907412
3202300
3320605
3519126
1982896
4136192
3093277
2712534
2488289
1251303
597330
3464023
518738
4366530
3677354
1192098
3591305
2085889
2936919
3219771
3750277
3344932
2713131
2433169
2272133
301942
3025289
949435
3250536
4542825
401437
298461
2492614
612177
3470022
2261467
4090147
3942914
3096039
640395
2960691
2559510
13552
985562
4100062
2866130
2094133
4232514
3573016
2423909
4064215
4382662
1364312
1486406
794727
1362348
3107126
952923
1403040
2595841
488572
1375917
73071
260167
793090
683752
397611
60559
2297416
3919783
2986927
2897643
2318245
1848336
1480269
153590
1210828
1535089
4409055
1735119
4106047
2637177
1473215
1937928
986414
4257610
1955910
887681
1199352
4351140
331277
954591
2160312
3116052
3197473
4009976
2641539
4285958
1637023
343627
2097686
4992562
3707407
844501
3983252
2651838
4680561
3972974
4548066
433569
3412081
4527730
3660326
453000
1455896
2934642
4654511
1066215
2826637
2215115
389721
3623784
3778185
409891
3874442
2521895
3477515
593167
2117268
753311
1292796
4132836
783052
2479272
154452
2316301
3446745
1660785
2357891
4931094
3036600
1107735
2118611
1211616
3613646
3681844
4906672
1729957
834480
2887920
4507779
4986138
1097206
2221838
3705840
1037656
4268356
4341012
3209060
2370189
1132867
4184334
1572256
932630
4116047
4212034
981505
1548663
1567218
4234929
4663474
4538572
578674
1513102
4316322
4991523
3438838
541762
1144441
1984779
3160881
346433
2732132
3033324
3170506
2878715
641878
2387738
1137357
4842254
3231716
3791804
1892514
3274309
1705945
281015
4015442
4990172
2142442
26978
253454
3857145
3639329
2772060
4148930
126591
1787840
4155591
2426651
953404
3851491
1464306
738331
2303258
677537
4129856
2363987
2208586
4470324
2232619
4360371
4507641
4382124
3842038
3941215
1532799
2675341
3243386
1860714
3782663
2261820
2732628
806682
86716
1094424
4101291
1542446
1634935
791800
351302
899750
1335238
2436588
2891013
3281010
2433784
4653468
1505965
3610281
4420662
1015387
140841
4050946
4679887
158564
4311547
533555
545623
2557322
3364778
95009
2283176
2951929
2951833
4707996
972256
12965
453054
4263636
3475153
1832753
1346614
2281804
1331187
2681140
1800056
3188088
4390836
4233330
3576605
569752
3250753
1419638
233387
4318925
4270555
856516
177655
4682291
588409
2192353
3655553
4184347
95537
2505524
2465902
4817565
2131233
3511623
4228550
2005021
2670310
2469441
1417980
3679760
554101
222445
4596875
3008017
2179546
1349289
4971557
2251969
1417045
302372
1981667
4388199
2220352
4000015
1057683
4918387
2916425
4091579
4739864
3408038
4970243
3948839
3589205
954222
1606279
1592915
2397700
1296785
4908995
2144911
1783795
364437
821800
4737111
4053975
2521818
970366
1509899
3918537
194779
4775014
477189
4940970
2546500
1843634
3225139
3917379
2950394
1792240
4984565
4713050
197229
2800554
2076457
2204329
795076
2145330
4608744
1143782
4286915
3466054
2183790
2686890
1254293
4314580
3511807
478753
4323398
4196313
2739347
1806081
1055934
1469419
574702
264995
1657263
628678
2685161
4247213
4482330
4158454
3561828
3507961
3739985
4237326
1070695
187995
1310856
2260306
4059482
4967955
1579528
4483475
1530766
2901738
3659141
4583721
1952844
1286848
4332414
3943762
959776
129892
3013234
4119339
4982457
1440621
646585
1685538
3557102
4672923
3097559
1992091
3040167
4668773
2661378
4951888
3710260
4655113
1108025
2080903
542398
1513434
3883305
1633866
853772
2647644
463130
1283037
1356352
338635
1749380
4883017
4215707
59212
695351
2257983
2316761
2833614
695130
1123148
1514287
3089987
3639810
4421873
1179993
1330247
963501
1305311
728046
850219
3314871
3716593
801399
758059
493491
3984045
4915904
742873
1874827
4359315
2755252
761463
2434099
288008
31813
1186689
2803146
2859931
426688
1826166
3305508
3623776
1227134
2611121
3758694
1458620
4496781
1078233
3043627
1621244
4873275
2439259
2284538
3247506
4112638
1077452
2279554
4373077
2707232
3856261
1833576
1792549
1721597
4186391
4898837
3817927
3069361
3583110
1318288
462849
1923029
1767427
4693282
1410385
1219720
4874966
3172781
4482132
1860969
4712062
997271
210339
2006816
2481209
4320331
1372756
2650781
589811
3197244
9767
3101688
4796894
4292084
1600098
3542247
694405
3992276
340845
2917049
502381
2026858
1515340
4873970
1583473
3237454
2337801
3955571
4378282
4655537
279746
4140174
3614278
1734198
4991676
3463324
3593135
1606972
1796965
4695578
2936924
2999135
2529035
1550369
801142
2517782
2388095
2835842
3432155
2694621
4279158
475255
4970592
4649801
2290328
3213203
499579
4996835
4349641
2231388
1771537
1064246
961535
1507089
1428001
1231871
4858814
3528844
823223
2737577
3000597
4898690
3432014
3489731
1000021
1674430
1967305
1765366
2292152
1191622
4408218
3642157
2825893
2062636
3116900
1143605
3207833
3084847
4232378
910722
1700296
3773344
36739
4583986
519823
4739931
4319107
2852975
1487573
3487633
803601
4546544
481949
2280397
1631297
697913
4391576
98826
1033278
2578916
343076
3830541
4504520
1357258
3022462
2105559
1205918
438126
965184
954955
809280
3445958
2713681
3732946
3908707
3151859
2354505
490819
735121
522866
2472001
8940
1449381
3816549
4799509
3325159
81062
3746339
1778561
2661652
2394680
4684954
261065
1739360
2329265
4299419
4813557
365191
2958556
1585466
921040
4610035
2154694
4817299
1397661
2003646
70627
3514132
3531534
371340
3868661
4957757
4847899
4645972
4081476
2689365
3575042
665515
260811
1328437
4959746
2063211
4012959
2426876
817002
3442454
4775711
3363642
390903
1194334
346560
827715
4595430
1478171
2563361
3434223
2561580
1513870
4685473
4987222
2047288
323271
4754350
4380013
4647557
4602675
4264780
4020790
3526504
3960072
2971011
427388
1141112
2713123
4769254
2703840
292380
1934098
4571330
1310181
3545535
3318269
4865568
1064494
932995
4768236
4205395
2790786
3650696
2752020
1681013
4031681
3100549
669793
4346157
3654296
456603
4791530
2511028
4234170
2162388
1154153
1926214
3635390
2894187
1944101
3461970
4415678
1151139
1640304
2386472
4636088
2794559
2258446
2768528
1729768
816213
2077690
4737433
1499839
2375466
4606528
4422006
3751545
4427813
682590
4208907
4967295
2374120
2580832
3948050
3332625
1485895
2112691
2795393
185354
3980891
1848262
1155066
710899
464046
4440119
4745482
4994740
3265834
368712
2159493
3833644
151407
934442
4286444
2621244
2836277
1548463
2669765
4183981
3121512
3181475
1210614
2527169
745770
861308
2786596
1319996
4137454
3149617
4060301
2106200
3456979
3967974
4777500
2888711
3344418
4317396
1126005
2760566
1541789
3062949
3993193
2813079
2838015
2808206
1921621
4269867
640788
4458806
2689003
2938533
3446476
2260000
3970957
3192464
2992
1956952
1282720
1936657
1270020
4456919
4249766
1428375
2786319
4693538
1605023
4855091
2122120
2226768
1291756
1451975
3833252
3512409
301538
251911
906281
3253195
1681740
2500251
2577789
332834
3452293
3655560
1291227
4626601
4842841
2557744
4181495
3091559
1899463
3673515
3166319
2173993
1398730
3632161
308240
1850682
1026597
473228
3622765
73058
3474356
4159051
3346796
912686
1449293
3984399
4129055
1711359
3866551
1470285
3831856
1061513
4841402
966224
1639686
3467066
1650766
3080068
19285
1429619
2233643
2640998
3115795
4752399
3713229
4380211
380063
81942
4421159
564048
4751986
2857857
280831
976115
1382848
63306
3789780
538526
2940836
572077
3671572
4037208
2162447
4467496
959076
3159973
3203674
2606031
3051541
1182496
410661
4939691
2433541
3465563
4893812
1263825
297918
2240158
2523807
739809
1887307
4975703
2039458
4150079
3947043
679010
2499573
1426737
1562044
792003
3693891
3212376
2008359
2336233
4987109
1852973
2163601
1354240
2829026
3879176
1781116
3438934
1047799
3626160
1039013
443415
4689417
698571
2890670
1385159
3331115
4032557
4643839
4504401
4097512
4076445
1679473
2701838
3260919
1525432
3160462
2175691
4252751
3168831
3097215
4294837
872153
1222750
3409172
1228156
2025609
3
1068443
2536827
2269004
1682055
3395008
3990487
1486604
2898659
2658353
313490
1300543
4599319
4476666
1958206
1604896
4219832
2257470
3339286
2182439
2811942
4574806
595275
1570142
4174042
3600002
2331235
1974128
309957
4449631
3147870
2750802
3521792
2618868
1672119
1459346
2617983
4496090
2744339
2812325
1717567
2606428
2086149
1927061
1052268
4519635
1173608
2998118
4428556
901510
2069835
4152889
2838637
1405874
3333316
1447413
2628151
2545542
1342859
678040
3941065
4325701
1252818
1643426
1135073
2982467
4786592
2759476
2440852
1856743
4686523
1429145
119783
2864496
1488436
4768824
2134616
4280487
4364952
4271708
976572
2243128
1673266
4010460
2312154
4759655
4122353
3981229
1013153
1657144
849506
4700762
4346716
757034
1422275
1053363
2805659
737593
3605593
3108860
3770325
393049
945626
4650407
4091001
2158958
4391052
2755874
3011440
1516997
2533918
378623
3379332
1736649
3104442
2217437
4530982
3099306
672509
3346047
3210659
1489056
3747012
2855701
115272
2585716
967168
1849803
902093
3301905
1020285
1871589
2494144
2031365
3426526
1183442
3885117
811558
360666
3920737
232310
4009786
3979795
4059347
922674
4087760
1878476
3624091
1428615
4454155
1254617
3251214
185215
4388120
4568357
1229242
4485062
4682630
1528660
4161288
646685
1947509
4941625
1335760
4736388
2073254
4837675
1332915
4830742
1900825
4164278
4832651
408023
3225110
2655427
4306433
1538498
2494289
791463
3542329
4936503
317829
111505
2674111
1569380
428903
4003992
3474728
4011742
256001
1183721
4022343
2065495
2457049
1606456
3364071
1249004
4821742
762694
2508976
2426769
118230
1965951
2522176
1816763
3850100
2126767
3463604
1417993
4053195
1815084
1846708
2325811
4641841
3485596
1000610
527851
166575
3741229
3813321
3252791
3015860
1416188
3545652
2441049
553640
4187590
360439
4645500
3628398
4155305
4016054
4635220
4543484
454651
4230179
2735736
4524206
1894765
4947881
1471327
4420591
3893234
2025052
2525953
3253541
2347878
4139462
4728157
1736353
609129
4861291
2600072
4843259
1543713
2199976
1992902
2179442
678113
2396877
706150
804361
3104756
854340
2613859
1365680
725702
4958290
2431616
4831700
843598
3521789
79257
3373337
58936
2042723
1226490
2458104
4203934
134842
2458530
2841085
1413003
2329452
1990553
1925614
2803419
3343397
293192
4637292
4937188
3742736
3563230
3400740
1711810
800016
4542947
733678
1333691
1096271
382955
1459037
607518
1586915
2993107
4596569
909429
2482304
1247686
1340565
3643402
3666928
1804342
2030553
4376904
952143
2407894
3611527
2900248
3828848
414352
4820533
1685966
830223
1824938
500633
148085
139965
2350375
696358
59279
746052
2578125
867055
4689740
561262
1851132
904717
4326771
2265899
2266973
2009614
77646
2891
1950085
3079922
280181
4248937
4966281
837374
491323
3687754
701306
2347299
304308
3189913
4639853
2929641
218676
3637080
951376
773607
1848992
506193
3431364
4249282
2589024
2847975
1884531
2636151
2694287
108357
1701123
4883806
3242269
4233113
2577450
3537505
561629
569415
3268439
1637790
2517178
536382
1471247
2697662
800039
4867425
4614481
4764162
2264856
945019
3148055
969585
2764110
3060344
1765726
2923972
2872000
3358365
4691405
1535955
2655824
2866174
1390435
217545
2989000
2005354
2673067
2232178
1318891
4150792
2400668
238791
3010211
1745684
967295
1620263
3802062
3036831
3320681
480016
2212169
1081507
901835
3457482
3264447
341235
3218834
2294600
1613370
3369570
3902668
986851
2155832
4091737
1073793
2247828
1063425
3490109
2219439
4447436
2908640
666683
2856102
1583285
4306905
2764514
163739
4401068
2322136
1363322
3484050
1878773
100773
3148883
187346
4442292
3043826
3350162
2970805
4362633
1323178
3448277
4134691
278479
966202
1856717
1268242
861638
492898
1317795
2754245
4625041
4127431
4847062
3051005
2677099
2379846
942706
1822934
3942363
3811755
47396
3286842
3031240
2005340
2088825
4046867
663153
1397318
2291578
2149195
1040573
2819234
1093282
58741
302426
442875
2508906
2482784
2139209
3433473
100883
1907558
4621457
3625783
2739805
4597675
1021267
549808
2611414
464126
2598716
4453574
1070433
393889
409144
2739428
90722
3596783
4255255
593683
3809411
4911639
3914207
1103228
3442021
1231988
611644
1461215
1483789
2090500
4963552
1972300
1062570
1685747
3806734
649110
1277424
4458536
64400
1612860
4361363
3081686
2432989
4318404
1591177
4244336
1187809
4275591
123109
675689
1212344
4678918
4575903
4227106
3171184
3007128
3533314
74898
3066225
3920891
2029339
3956432
1047748
1289680
1841216
4356712
4853376
1577938
524210
2355780
2761002
1248607
4174196
1468762
2338534
1135281
3077768
1873872
3595958
3251643
1588254
2319997
3936048
2241069
3045117
77405
1238188
2150990
1962223
237949
4372710
292805
2316503
4282717
100832
1576370
4819855
3125458
627207
4733129
1772483
2861534
549863
2583559
1276812
3860107
2886358
2764493
2242994
2908169
4291593
2413024
1658678
2273071
43914
738631
3653079
3096300
4600191
1058314
3371696
1018939
1281993
1179467
3883838
1782462
222320
988081
4353935
163764
4046365
3489955
1849985
2492314
2112037
1920167
4323396
4541854
1245753
3215688
811562
4519125
4312185
665849
35612
3560794
3086015
1391249
2435379
2039081
183653
895922
898064
2313175
4598321
235897
411616
1788295
2537660
469540
4314360
3639828
4303087
191079
4040876
105819
4165085
4079452
2726311
3456601
1133894
3954347
2951191
613198
3090143
1144918
4002518
1351051
2691666
1580601
2837527
1975383
2195000
521210
2361252
4440912
1023701
1249865
3374904
4281257
370208
547913
3607860
3230478
1259739
4538192
2130797
4668846
2878579
3271581
1194116
1219159
531985
1058051
4833663
2494364
258567
2372687
101549
2593945
3186774
1521473
3962662
2651361
3780717
4074358
95918
2710343
85794
4778187
1105902
1796276
3722843
1736988
775464
3796979
2647826
1833536
1224758
2248956
1686268
4343590
3621109
2983208
4987561
3103052
396736
2350047
3797071
3485141
2748145
2000421
1788157
1371965
3648897
2011591
3613661
3279875
4863719
273698
85398
1404428
1003579
1387687
1968067
1137424
4864810
4886058
4679975
1669386
2288095
4347478
4099470
3646796
4530200
714552
3769378
2667648
5774
2452316
726259
4664974
1717301
1618921
2414326
1723450
3530906
2627680
1644679
3225439
4292779
375200
2468464
4824007
1379422
216869
4724465
4815412
594718
4714577
3315557
2100457
1938500
4598014
4732459
4054624
4158836
3886911
4108172
3090593
2700371
3204631
1587925
4388904
1136447
2965820
2156036
1349029
4480728
3516781
3464312
4783762
2535347
2818110
4858694
4012091
1600509
2273688
2407063
2619113
3784677
4114140
2974696
639188
4747133
337510
2235439
2855461
932685
1581996
3110271
4337575
2837356
934145
956469
1233766
4187466
1883397
3820167
2280872
30035
4879788
1067790
3308851
2743965
2183858
1864797
1161555
945183
2020796
393589
2278431
2799697
2337826
2858166
3868930
3788543
241745
228439
4803737
2319520
832667
1017144
4253028
2084444
1638269
4628802
1603848
1592896
3533255
2495888
2818472
1221193
2604790
1503463
2617774
2704880
1114677
4774911
1990785
447020
2567031
4234486
3545518
1102679
1719726
1305979
2444460
301172
983840
4648838
3878194
1431955
2036411
4571089
2215642
2157957
1369877
620151
4627656
3934602
2465641
4215707
909483
4687931
3092264
793057
1925923
1216181
3567619
2734245
4561911
3775915
1214967
3769223
957251
128672
1097316
4995563
1922823
3849187
4911512
2333149
2763224
3456534
73337
4796471
1334236
178100
4943427
4115359
4819831
2172300
786671
4751770
3521851
4364304
322453
1771252
3308086
2475650
3630460
3138605
4794382
364334
2171207
1939326
84608
575605
478163
802606
3362590
551387
2385831
357753
1701701
4548088
1993706
900765
4785768
4299012
382776
3699308
271244
4342623
1465089
3911560
2083251
188780
3492300
91085
87761
908541
3670385
642620
1290660
2323799
2237839
4216257
2756475
2299745
4612873
869214
4203190
606805
2272835
4343963
1595343
2305360
3480844
2547600
2732794
181312
3973949
4484397
4077654
1962342
1404534
2537762
1970003
2899536
3045475
2418837
4177478
3689511
4197300
1703833
457305
2715895
1643323
4019290
3819791
3418656
583713
1408730
1379303
236199
1953103
952794
2664098
298071
2766107
2555657
780374
4049212
1844740
1754739
3089720
1548249
2246623
4148012
2857823
3548491
3947885
2686118
2335400
1618527
2015725
2403865
4583399
2526690
3058674
3458878
2107000
2161852
1598551
2198843
4444161
2189139
3626964
2667762
189371
48082
4519301
2036820
4593207
812765
722715
4476878
1831604
4327555
2526566
2469062
482887
1833455
464558
60849
1569360
4632022
665534
3084119
3305020
4469609
2338358
2584085
1304052
162474
3810219
2839164
4903645
4368325
2376061
3941356
3225188
1863260
1178988
1583806
2511493
1646738
227755
1670662
1114432
2212429
4195232
2175836
1672016
1635455
1266966
3487459
3148350
308506
3413921
63032
3052462
2096039
3802075
2238114
2287191
1115152
3611421
4772406
234099
71881
2653510
4725337
2353294
1021678
616611
1969084
1354060
3155162
2262393
478994
3835737
2056922
4050831
3539589
2347410
4060298
4382604
3464664
1950443
2083824
1565152
2838108
2703906
3422232
2239874
504764
495726
3975315
4123918
1968081
109789
3511230
3105319
2921400
861170
1663202
3321941
631452
4477340
645649
1074930
2777097
3227664
11871
674502
2390560
1704321
2647332
3402329
3887748
2660043
1466533
2478182
1090976
1549329
194321
2355116
2770505
3915138
3985091
3812575
2337841
3828949
705178
2004709
1321568
4007047
3797638
3132483
4863110
235726
4606944
3211335
631562
4546758
3398141
947556
2453268
1983001
937454
4644707
3048155
4671776
3354791
327483
4283357
682189
196495
4569687
4239440
1481727
4120977
4973754
729652
216793
2228145
3056769
1381138
844408
3139585
1395723
4006901
3559101
1205842
2878551
3277020
1441626
3546543
4479178
608780
3849255
4615229
2149464
2852968
3687757
3591503
620684
613416
4406612
1004397
891852
3045812
4127534
1714456
4817402
2693197
2673545
4163160
1924950
4699331
3881643
1544787
3271375
3451699
3083393
4682220
4269526
1927636
2505622
3593217
2897197
2435638
4675025
2437814
3250020
2150585
4290077
1283657
1908568
1821253
4980514
2510731
1727644
4602671
1307419
789599
520007
562100
3347553
1548620
1100187
3126149
1023520
4822239
2389510
4088389
2499021
1845982
243609
4501540
2828490
4419992
3703140
2231038
3648267
641495
4638866
4251221
865230
2856431
2209735
1314806
376738
4472402
4635981
4682158
4328717
4949278
3742402
1640788
3997330
582074
4326361
2466280
2353350
4743951
4904030
2878556
1042769
1394509
286551
974174
999746
1997980
1732968
2845321
2034952
3480110
4811570
2716196
2096
1127831
1002774
4629831
3716157
3024257
2533059
3926715
3595549
2972894
4116999
3506673
947594
833882
1491149
1522835
362440
1343278
3265383
1208557
1385158
2237992
3444289
1705235
3958581
3462604
1756371
446548
4666108
2490678
660999
3557
1805124
4696349
2269390
1613586
457922
4121196
4463247
3466750
3959017
306002
3661416
566332
2180030
2099871
4756597
2898454
3950069
132814
1827871
2472262
1861744
3557915
647720
4974812
936016
1131862
1402662
888243
1666715
4694335
1392405
3245825
296419
411313
2891613
3665145
1222157
680692
3026605
540157
2109329
2600081
1604243
4669364
1186454
4817939
2813266
4762386
1109541
3583177
3215062
4046973
1837140
3327156
689357
259938
2583803
2044574
430849
3644274
4143729
2329606
72693
2631516
3329848
2337825
1980347
3321447
970207
1124750
1149975
1277668
141892
853268
3099622
3603189
1377955
179678
4349944
2325933
1367476
1001675
4550925
755736
3074530
2776248
4375896
440374
1998541
1226445
1802061
3009986
2473582
4385418
2518975
3397265
3368140
2563999
4690504
4628055
1846975
3165481
2407646
3563168
1217469
2020241
4877864
4000511
1379683
3681601
3756503
359096
2013813
3107492
4548994
2599667
4857042
4633749
2757490
272662
2670372
207109
378161
2021074
1398445
4711876
309754
1593020
3519455
1470359
1564737
620806
977074
2665345
829162
1128957
4732730
1328573
4982193
1598919
3822566
2090049
4802758
1469445
173976
2595977
4705624
2594475
4080268
1036042
2966448
3830887
1523024
1495549
1344231
2390806
3731682
96536
3507958
3975068
2021934
2954964
4015297
2315313
3334755
3483057
4800243
3866886
1856868
4989632
4586794
2200073
3461289
1169671
1653528
4214391
2265798
4900263
668892
3695946
2267352
4773471
4813871
423419
4774372
1392343
3602427
1840441
4683996
2003149
1205667
84942
4246210
3871309
4992286
2606771
1814503
2868353
1464328
4817696
1648343
712993
2616147
4326585
4022716
2445408
1005581
649166
3244325
1306295
63261
2738363
1926951
567340
1623293
3487499
3340100
3625773
4794961
2143066
923116
3211737
372151
3016605
3224908
4603802
596640
4984922
1305902
4438149
4509869
3871208
2683612
1406654
4395153
4365465
1877086
913088
2300635
1238470
4237705
2070620
49274
2238314
3919914
2650723
4985793
654066
44221
379496
114599
1497621
4724517
2029561
3427490
4618250
4221966
1384730
4889237
3921321
1113966
4006370
2437214
1212783
4084177
4042613
3369648
4003565
416257
4551360
2724184
4132816
3719821
1794548
2955339
983185
4522334
234288
988530
1369429
3728400
3200092
152463
4483779
2873448
1880700
3081996
201257
2541111
1174161
772757
4286709
59820
566389
2829722
4942049
4695338
4525913
819248
3820092
4087307
3798450
4249872
60201
2628723
1246934
4251507
394241
2194705
757082
1637746
2199189
174932
2759390
1501156
2955864
2990040
3007932
2316791
4901822
4545421
3026212
1319809
2853838
2976896
909092
2162542
1598269
1463287
1280581
73700
3043331
2364857
3859709
916180
2347991
1228031
4646930
2642166
4203509
2734159
2426571
4836963
1753406
1032943
4619450
4604608
1619759
2705820
4696328
4960042
2538585
357772
2667739
436830
2122032
329607
4397123
911843
4807360
2810946
2573740
625338
3095326
3888467
3769633
116609
328074
2281978
3091691
4783999
121516
768646
131965
4555153
2018090
1894739
2527995
3255710
1342715
804235
2537684
3739603
2846864
395
2460683
1395341
4440215
3477807
4777353
4516837
3928633
1006515
3445382
3777128
4153101
875657
3262202
107215
2230115
3559621
776660
493266
1230749
243218
2385464
4937587
1094992
23688
4633605
2321421
2993851
4507468
3884965
1031546
1978160
3192539
1915436
1868484
1162917
4681583
3056253
933078
343915
3629735
2764935
490513
4420913
1529990
223126
1279795
3064647
2299983
3887332
1302199
3245822
417533
3503946
2262016
2813278
889880
2703725
3620657
2823961
2804649
3272675
1468129
852199
977926
1616589
3534850
2164117
1760798
139382
4960695
3556936
3327225
2979163
1140183
2908642
368693
4072934
642769
2072012
4335584
4626860
402815
4683123
1746056
3936839
2205587
1078830
4444274
643542
3084344
332444
4034979
4875429
2728334
909997
4913741
2783650
3685219
1033060
3907577
3221850
634906
2890184
1142175
3516554
2896584
1123596
4541762
3102352
1665498
3528460
863014
4010813
63376
4288920
568643
2497097
1924633
3943903
1478203
4432624
1187753
518621
3609596
2584546
4368876
931063
1419611
1099216
2849616
248664
950173
3545580
2901475
1627313
3069309
2529637
3046415
2864266
2881400
4433072
2738787
3048547
2467800
2526033
3607672
3400869
4958827
1363648
1573777
565645
3649682
455818
3012325
2229580
2619139
1125352
1798319
2971700
1588642
454672
2046178
4956759
2797796
4584654
4378708
3777700
2525873
205444
187997
849381
4270804
142556
4993608
3679373
4904078
4548515
4030247
4521909
4071097
2542512
99475
1194736
4593438
4401810
3444562
4067545
4286500
1378304
2598462
661548
1776255
1495396
3784757
2995472
217451
2061185
1850
3760909
712534
2211155
1792192
2057440
1813611
614437
2282975
4165235
3869249
2893701
1070584
1217862
3973207
766673
3960286
1339142
862275
1890279
2223456
2171341
662392
2934291
4174567
535321
1615126
1300422
699419
2015585
1565823
905293
1102943
4923373
1366133
2220952
635230
3581406
3843247
4735645
2197131
1608927
3384253
4132637
2079777
992893
3429256
618751
4934441
716613
2360745
42726
1741505
4880463
4805951
2566297
2903827
3730073
2381091
2498983
2243790
3092337
1799355
3275992
2981955
2851743
3867306
4910746
2141355
457880
1683251
611491
1349120
591880
1086239
3552194
2728284
1876381
908961
4482552
754303
4673927
1906404
3146457
1167276
4135836
3479268
2223698
837874
3383079
4931284
156567
4180379
2941273
819917
4457785
2687811
2164550
4525044
3448659
196979
3347935
2434253
161669
807108
4546862
1418073
4359665
2755551
3644594
4292865
67377
4586796
2076140
1975146
3190957
424331
2342757
3092776
793770
3527787
3034687
3797422
1361298
344110
1708916
599047
778158
4641268
3693743
2695939
2636344
3526199
4897698
3231560
3548177
3516961
5792
4938410
3483593
698400
1086416
823829
4745131
4535758
1980827
3328811
657616
2974602
4372370
1703913
87549
1707232
722003
2147557
4706557
3415835
4697591
4467924
4532784
3063069
153338
415885
4032363
2212576
1230858
600438
4500993
1761577
1863442
3061617
1323794
2962671
4859999
4123008
53252
3987192
4423557
287937
1958935
1746518
1003490
3018308
2996491
4950834
119531
243294
3536322
1954687
4702680
3358090
2859903
2759928
3888889
2062631
4783923
3878991
395569
2176825
2068291
3852387
2306632
2080939
3136884
4051290
3415641
451968
2898984
1999684
34009
2730937
2684638
4190129
590449
2615395
4914169
4702707
486880
4838007
1305335
2808111
2360481
1280661
4660140
3209063
3448040
3782299
1615030
3842330
3805220
4245588
1210932
3219298
2290209
2392683
31494
4048825
1781246
3117143
2250401
906521
2887253
149906
2881682
992376
1093534
4561333
2683656
4123348
3941363
1018135
3734363
24069
4056250
428500
1656156
2218609
2016473
4457349
1776197
857811
4063142
3817131
3619260
1142236
3330405
4879251
3922866
4855230
1883817
4968031
2563427
626858
2331954
867320
2273822
3103619
3015092
2745452
2915090
705979
3367688
319492
4954295
2802870
2962815
3382395
1282498
4234490
3711453
4791159
3271820
468574
964064
1057504
3588993
1523352
995276
4352897
1052002
2580413
1072818
699998
2454010
2563968
2057752
3558070
1895530
1006578
4818139
2602271
2343617
1125087
265731
3882623
1021160
810417
1433926
2259568
2957038
727488
1603904
1787425
1691273
331030
3910196
4564844
2018525
4792063
1182674
3849409
4580735
2636711
1327795
417657
1141611
134462
2248775
3896478
1569179
1176875
2970122
2982235
4281195
1762451
2557399
687898
4881044
2987019
1108698
1181352
3089429
4038032
4217514
1459105
442087
2640814
1936906
1694663
35187
2655877
1230722
3829827
4459434
4320424
2086319
2481653
3426011
2974662
4631571
4142166
140359
448844
1752083
2599354
4156528
2840580
1442697
417526
3540262
1451151
4909318
3684438
832846
27226
2126578
25127
3580832
1643275
2678128
1481570
1995901
2185134
3540571
427650
3531064
856538
974982
4631708
4127393
3526372
3078906
4410844
516833
4766749
4268323
4553000
536275
4783930
1444338
1275304
440725
4296942
3801915
312005
494995
2730134
3225771
4239099
2835683
3838793
3888694
1025359
3588709
921444
4155460
1591401
1513968
4516198
4332838
1794358
354391
3529519
4200857
3700974
3575435
2201769
2562001
1290864
1663762
2644727
79803
1403115
4758531
2037430
1455494
2273662
3239309
2477833
2168552
2991450
2435888
3627465
2829536
1530993
2993152
967201
790373
611947
1664023
4036004
1440849
2631103
1810157
3064150
3218483
4087550
3844750
4600364
337711
4671139
2411760
1692655
1707572
1571547
630419
4239242
4609986
248446
3533092
2845810
316623
3035460
4354111
2213017
2279343
612944
4482701
4524612
4836460
2781138
3945407
1231981
2356333
2509006
3548820
3442915
3306516
733928
575609
4283811
2616807
4664699
1819051
2516442
3820631
4374569
1252492
1616830
2129763
868083
2992470
4829155
4029740
1284876
961372
1073570
3311514
223670
870446
3110957
3642657
4893471
713777
4658767
2765521
4752324
1818068
786279
569580
1649811
4573556
5044
1939580
3354461
681121
4971477
2280914
2804239
156816
1571120
1767007
2238745
3732656
2764894
1675923
1352953
85700
4011855
1833884
3725258
739164
1548498
2065172
505623
1982606
2490069
4695392
3467250
1490633
2132644
3131975
4986123
4769435
791881
3212408
2577334
4033226
1360767
2049268
2874869
3381951
2133462
4513584
184799
2410909
4681816
3207687
4015253
1823787
901929
462048
3422780
4225902
1173928
3232558
3304572
2927310
4034742
3363142
3217733
2095636
4241669
3818977
1669982
2678676
4371241
1235937
1598611
2144586
3905042
278920
2290415
4301938
2777216
3829455
23065
253925
4339125
3907094
2143245
462056
2646622
1279309
682559
4711343
1987878
2741316
4459273
3763452
1275509
2454398
4918264
4102360
2895269
3649690
4513179
3525662
4431954
774401
680387
4041175
1995292
4167339
1694866
1166427
1515778
3438733
3487712
1884088
3972363
4935163
954169
794766
4831809
20824
3302686
988361
2881577
2332682
4188084
261866
633844
2782923
4159133
3789854
822953
4577254
476318
1904166
382797
4238625
2900436
3055690
948871
2598470
1868007
297704
2001943
4603088
2116827
4213238
235044
2003194
1908772
3259196
2254648
23384
4230291
605839
4092323
237350
2693036
4912511
4092422
4288146
394634
4770933
4568729
146094
4574882
2017389
4447605
1493245
493960
2173554
4101857
4199238
4640947
3258127
1198649
107642
4799712
4809027
2874854
1214490
1507260
3254007
1295784
569401
4196653
1320363
2366754
3415906
1832234
3145623
3753130
4669067
4060708
4760383
895883
2584455
1926986
461466
3823440
2394790
3477616
3283586
3319337
560502
644389
1165661
4593321
2978587
2361826
377008
1405566
4007456
2022504
4077451
4216445
965442
3527554
4932743
3015776
2069454
2942807
4137780
1386809
3602364
338781
3072244
4588135
3168930
4361539
4553988
1811461
1959452
3307319
3310369
1770399
2084045
793284
4122148
4572214
3375900
527257
4091107
63744
390346
3260725
4310868
4501270
4832608
1093393
3221527
2674543
781881
448676
2571907
4869489
2035843
4421974
2978554
4047195
2955312
1602114
2347723
1941084
264667
4816130
3111578
3291179
2312892
1403106
4764245
724178
2283285
940835
3304379
4301339
2983736
4007793
2860587
2461039
1035505
1697689
1926133
1674266
662880
684266
2998288
2022398
3443471
657159
1678026
4500981
1283945
39837
1251371
800478
4822765
1578811
3290802
87992
1873289
3218616
457852
2161473
2883451
322981
1372879
4468070
3538441
3442916
2445327
4876773
1771244
1384628
590442
3921011
1636620
2887331
244311
192920
1617077
4374316
4603908
217187
503441
1989048
3662287
4257613
2373224
4010271
4569481
3820926
473035
645963
3666163
2776444
239940
4823301
4085050
2463904
4407533
3869386
3797677
1707252
17468
2778152
3064062
4033999
185522
881234
2025
2141588
3128166
215094
1091185
246268
3333405
2462324
1198994
100125
1663285
3711187
849114
4551653
4340090
1918100
988722
3065309
1294775
1897196
1314055
850474
1927979
2571296
389151
2517182
414745
4145461
3774774
1271452
3650477
1142820
1253531
2013423
2920647
1850943
4897844
19679
2353661
247842
330777
1494930
836859
2270105
4457156
2801760
4375963
3857704
2613959
3967345
2632584
943443
1548906
4828279
4750702
4237466
1645132
4910336
1738994
1155521
1666966
254870
790520
4551975
1705687
4260676
1014146
3190603
1706438
975271
2157115
702161
2172847
1844737
4747968
3001189
2300185
2576606
2152801
4609017
1782985
3680626
548812
4114839
1217154
3354639
2192523
1822777
2631688
3698390
3215710
4081062
2623178
393759
1111427
581749
2862678
996859
2018463
4692028
1742931
79172
2101141
3623822
3396548
3577807
4347087
3319959
4903468
50397
4688215
3483430
2663511
4356129
705827
3310662
2253510
4902480
2933788
3579105
4396397
698346
75318
2895315
2538341
608394
278009
1547924
3638171
3828111
132331
1147324
256333
1786736
3008531
1844701
1717244
4244156
3984433
2093202
2805545
2369535
2210272
4727909
347205
4743813
2615158
1010704
3657411
4022169
4351721
4474569
3026817
3375407
1188607
786978
1398819
1225540
2658825
2410500
734506
3031003
1011689
3385801
1930081
645202
1569687
1538147
1685209
1439300
3092454
3581637
1714117
618700
4585600
3737137
2860085
1852442
1774373
2236390
4406317
1843897
1108935
2327914
544121
4963568
120417
2805248
3978389
2921550
1510039
1895580
2294048
4038934
4735477
3835112
1243064
1450611
4815832
4126796
2917736
3136570
1752398
3671395
1461742
3682559
2577408
1996524
3002247
2141021
4039138
1372130
1954823
1980826
4870067
1765176
3209428
1786226
838747
1964912
3914027
3710686
1337656
2598169
3308141
2831973
3680443
2083768
4193570
4115678
1907231
533795
2252604
3799222
1345517
1712777
1439474
4709280
740488
2409924
1172030
3200070
1406699
187897
3447925
2280531
2573567
3167529
1603284
4873337
213848
1783855
3184811
4939034
2008217
1049447
3306963
3146132
3630686
3320390
991500
278503
4600632
2492787
1438219
2515161
2447264
4112287
292150
491426
4715292
4268583
4208644
2630470
1411869
2877035
4507566
4404806
102773
1475255
2725337
4595268
4033368
1455736
4945983
4893446
1268392
4492814
3434691
2315521
134794
1543285
1859312
1659858
4685036
2728851
4626614
4462539
2858865
1128613
3293441
2888501
4736610
4151614
2517790
3117731
1701003
2548834
2626547
3980177
4807292
4180206
4553069
980984
2932054
79109
3306987
3669434
21088
4447923
2686202
2502087
4452320
1742979
2325503
4619581
35533
2710267
4868226
527414
649880
4958346
3399540
3092474
4328920
2415496
85558
1461651
4254367
4351389
1901935
3637081
1924273
1695751
45347
3892057
3426752
517241
1907638
1864865
898884
2080238
335095
1394926
3897278
299670
3579448
1530831
4298223
3668243
4367224
105966
3754176
4657849
1091225
4507737
4703237
1138218
3930107
873146
1114641
482969
1981041
2794008
2779236
2158070
3424320
4090634
763722
439821
4766740
1883205
1463154
2504549
489995
4950276
3007240
1320665
2082199
2641013
3760957
4148027
1711929
1880759
295010
528764
3762376
4781535
2534038
1222785
3898244
849948
1422548
580261
2108626
4008400
60729
408109
1064283
1275904
1074272
4328871
925360
2776229
3133433
4672177
3588069
3126902
1024249
927219
146519
3664819
1440329
3940901
2902443
4483376
1806639
3535692
1052523
576902
3524717
838616
4360248
818390
3209689
146373
4682766
4874996
2692981
852535
958715
3119842
1514306
113278
3731728
1967506
4110086
672256
618899
4873714
71617
4288054
4416537
601021
1235702
3574277
891923
2314885
3457155
3622789
2800362
726186
1456799
1981021
410120
3496609
2304644
1239072
1366880
2144863
4679277
3555797
1114113
980160
2488359
4272443
915517
2222311
1690900
3476323
4648698
3139741
829040
4617573
3629002
4246890
4667914
4914413
3362418
3942719
2063177
1063708
11176
4680999
3462208
2844638
3349345
1913716
3541756
2415233
1192465
2363813
2435854
399965
4825479
662354
247517
1041092
4461925
1862357
2979973
1262708
2013028
2125345
218422
2524534
1863805
4854176
835020
595160
1570247
1571372
1300240
955658
4863508
3223200
4139262
525029
4819758
222668
2848594
4332779
3538670
2270704
4635179
4543742
2348612
2177978
2009674
4182974
2930638
4367717
964574
2308900
638305
4842160
4995612
2545423
871651
4066592
2850065
4349621
109566
2932278
4848888
3584623
4590381
2516553
368271
3125761
1129673
359975
4591410
2140451
3585534
90827
931575
764209
3194123
1635036
4843849
4855519
3431625
4976100
304064
3007306
4297837
797105
3090748
1652674
4994417
66155
1983641
1976184
3887878
494754
4494232
4652080
1196279
3328711
200068
315582
54842
1763421
3542860
2059116
3393359
1618332
4107076
21106
2042738
1653305
1397890
1269797
2896325
2027454
2832300
1236445
4094851
4413133
1952940
2651760
3890570
3012374
3003004
2637829
104604
3999810
4478290
2651658
3070827
23889
4726327
3564199
2679082
3211671
4474107
2608183
3670650
1011351
2631395
2197121
852272
3999427
1101812
649092
4661088
4649972
3579044
1492480
4078379
794443
3217264
1871290
2889397
2505117
1127653
4670314
4352299
1465603
4363744
2206642
1062454
123947
27665
938737
2430107
4280690
1032223
1200439
17258
4130638
3658084
2459055
4393235
3842648
1456318
2434650
1324641
813600
617241
3893615
1689614
1045261
4125308
592776
4396883
475470
574854
3142396
1563185
3099134
2752934
2849840
2333995
3556259
3922643
874583
2465072
531815
238110
4487017
2428405
4550020
62894
274092
3801623
3526447
2930055
607043
2632914
2824474
271328
4056978
4187697
4985344
855611
3993317
3379423
3512397
148929
3232268
3954829
2819548
2890837
4892555
3413439
3745190
3382706
553761
3058039
4649084
2518569
39480
1474444
1960629
564596
1874656
2152060
2399295
4214278
856095
1041224
3973468
3613159
4332932
1459126
3846683
3371948
1836747
998706
4018871
3970206
3867684
723552
1754047
2961354
4918535
1811525
2301996
1098353
1152278
831088
12143
3178749
3349133
3791612
1697428
4470687
3040064
420862
1682782
4212448
3702679
3952952
3849768
2358494
1346088
1725362
169442
3754722
2930837
116
624510
4143686
1647114
218154
4496507
3773754
3671694
4643702
550383
3847810
2545953
4527425
4435776
2552513
2094184
312148
1840318
790591
2603182
4074557
2328106
2495372
3237056
4807695
3084385
371746
1334090
2894272
1735058
2108151
3553350
4748884
3804225
4440495
1671632
4624423
3953020
90453
858276
2666971
2373939
4895097
3878025
3512020
4275168
1959068
901104
992081
3723603
2731661
3084180
2899493
2107595
911678
3721888
4491273
308147
2030968
4131167
4390986
1995963
2037126
4191613
1629835
3529398
3996829
4509708
263524
1938558
4146089
4472848
4657622
4258674
278088
1865133
4858338
1931486
2903629
449957
4939877
3178505
4426662
547481
2818238
1157892
2890153
722428
2363211
2257324
3644334
4395293
1047492
1014973
269253
4740906
577488
1266974
2330385
2248707
3089887
491787
1744302
3681724
2772622
868782
3956835
3827637
4719656
4538106
1063584
4122486
2651453
2576272
3738594
2822457
3245875
4618222
4591368
774008
3415136
550929
2631824
2403159
1207803
1100726
1993200
803783
4900653
4852367
918681
4183585
1127401
1656633
4355613
4500872
3111172
1035074
4610684
3839494
2739190
2881920
2369984
2379784
1789460
2075254
2661436
42035
1003388
4207474
1090725
1566254
1948518
2581906
3932069
1972775
1098953
1777420
3978310
3389282
171255
423617
4265162
3704654
3979040
324434
2336752
4445754
4818992
1819665
2762684
1781838
3744464
4787684
4982786
4660809
3293942
3907902
4307840
4387114
4452055
1097193
4656741
783748
3117791
3538550
3501562
3216723
1798487
685158
3255864
3088479
4734549
1822221
4522356
4023191
3297509
3892196
1783747
3519097
246450
362983
4961204
3085489
1370798
150260
4864150
1383197
3435356
1149394
4202692
3250489
656329
763549
2876290
4221143
3960243
707991
3333410
1427562
4528619
4119890
3179789
4305041
4346599
3224046
2904972
918029
846066
3427378
845410
518831
4630651
3142533
186056
2089844
3427811
471989
1451391
4317859
2769117
1163351
2881839
604083
4276335
1503986
253563
2228514
3702716
64318
629152
3358272
3884123
2691776
4001527
678596
1122767
1422060
3900762
1768729
3469746
2575160
4350301
1603624
3189809
2370779
706406
1547741
160536
4065974
625344
4498579
3169338
1488883
2178435
3591042
4937372
2110780
4823582
2417606
1276106
1594055
3632738
416630
4461335
4137902
93265
3720519
2103959
2063597
2724482
4296422
2089235
3105084
4128937
3966952
3048092
467895
1836847
1085009
2617251
4223908
4457818
2302295
207669
4301622
594584
321520
810894
4264390
2958367
4134359
3192264
1593174
4992974
4587660
2377694
4241157
2047308
2277164
658576
3425221
617683
4369389
4700425
3255670
2587486
3864812
1250073
2614618
2729178
4789497
1005024
2201158
1913145
2310074
945074
718910
1158372
17991
3479646
2283496
3388390
50598
2911637
3908639
2228912
4574913
2355650
2514275
682201
4223644
1641137
2717019
1205737
127971
4457863
105545
736530
4558386
1722114
4369277
4106457
1938353
3323085
2199658
4545261
1688019
2578917
3327660
588481
262357
1565150
1651298
1474843
1592467
4980298
4279656
3197245
3703726
3154789
967632
1334706
3998612
1934943
1123116
2965398
3639285
4239905
454896
3174538
3703231
2240260
4248464
2102672
2206328
2990540
4991411
3396965
673770
3938210
2847237
3183997
2206247
4066202
2816165
2020433
4032559
1989391
1485483
446049
4528135
3410621
1723370
3336430
3575956
2938540
4030140
1888816
703088
2015463
1883692
2531942
678698
3980158
3226968
882957
2343243
239895
2550879
3825791
1654376
3917376
2304520
3928931
9681
2821666
998350
2509457
2749931
2419927
3123431
3689093
698349
4617902
4699230
3036295
3928933
1710921
2335178
3222459
1607830
2133430
2268686
435538
1715803
2215203
2639733
1288237
2123925
633474
4033939
4016810
3312232
3105951
2125799
4457311
4526185
3845078
4961669
4140012
4157697
1532522
3713373
1565421
4268741
4695659
2963792
4627356
2886080
817437
1994284
2219427
2042352
4633721
2968928
710330
1455531
1079083
3772750
1123911
2492739
4988860
1287057
135061
3798228
1157457
4065680
1664500
1647553
4263324
2458530
863418
4259815
1006266
4405123
3926939
879403
4706060
3520236
3645365
2186602
3332657
66541
2412035
4542441
2713957
2086400
2420377
1858519
3212836
3815268
2687169
1718241
4146691
3018292
3177881
1805836
1752599
3763624
3057236
3764819
3849955
1173325
2762433
3444602
1994820
1059690
3423895
1220917
2790229
1982796
890136
243883
64527
4839647
302769
3088159
1913065
2345776
1127726
2507066
3584401
4494026
2148982
328853
1771613
4464034
1562924
3145450
579320
2461411
4829815
877346
3237669
1098110
4218112
4376380
943881
847411
1619177
4475851
890126
4131199
4519252
234346
2176899
73078
4863969
587524
2866829
1760044
3549384
661186
3376145
740046
4479947
133391
947535
463423
1134405
898312
586896
197704
3728581
646232
3156526
4369495
576253
1049634
1021206
3799084
2108461
1998349
4545891
3908925
799482
4251294
1349635
83894
4037879
12832
319785
3790447
4391400
3250184
792004
3745610
4448607
3901810
474
4542948
4409089
2518635
2673197
2733137
1574454
2694178
2530129
3815171
4805891
2805972
2187582
2143034
2868193
2918561
3245463
1360597
2186242
1166622
2210643
4242466
3633004
64791
4433356
193740
4279564
1707945
4542135
250082
1555444
190278
3826683
4356050
1930264
4195521
2695962
3844959
1348612
4587247
4769160
789899
1943078
413727
3921028
4554679
2675466
3856336
1075670
1750885
2025815
2295033
3706121
4891543
331575
3147342
4672156
988192
528815
4600655
1312336
4412085
1047029
1224868
1151665
476270
543742
4311386
2473985
1893211
4884624
2283009
1817436
492772
4676276
3575649
662251
3210046
2503258
1396281
3233091
637616
4777092
4721367
1231414
4077671
4783325
2362333
467486
1119389
2786968
1455503
3932158
2473178
4216911
1400090
3737947
3369059
3055131
1450280
1292640
2142218
1520711
1835925
2479611
1349811
608403
4824404
1348182
4287919
4829860
2521376
2329821
580469
4081411
4463554
2342955
4565765
471917
914326
4277446
2907928
1296493
4875222
734795
2437352
173381
2358314
2007032
3997194
3246814
4557295
1084365
435325
4783285
205851
1671961
2009606
2767229
4920239
3034159
4042320
3939410
1811113
472762
1288172
3010433
3638060
2829691
3066712
4648328
468613
679941
2911715
4139469
740239
489843
879810
2498365
1961068
3939637
2060047
4348342
4215180
943032
4313588
961743
1644853
2264441
4500925
4629648
408903
4365021
3330492
1681291
4684908
3739799
951209
1610951
3092842
2115055
3591551
2623352
1731794
2701561
768396
2102768
3898033
2444622
2947362
303071
1091495
2255772
2307916
4249108
3060077
3836393
3940596
2738035
3557425
3947786
2718405
3837590
1943571
4869620
1266667
4372711
1486343
1212947
2141975
3947545
2223214
4531788
3734898
451013
1808521
4741390
3778771
1095855
1320927
4251611
3441083
584672
861241
2127427
3779390
1661294
439598
3793277
4424616
1121608
3132584
646599
2043725
2049555
136006
4017122
260381
3603151
3111150
2318845
4672437
2519879
1877474
3281012
1206398
4128200
2789771
4768259
4241104
4380154
3908610
4782457
3156574
3257249
2855957
4975773
156460
4768343
1516241
3184438
4613534
273438
2336596
4385362
1417631
283028
2747570
1661422
3422754
4511342
1926709
4105425
138897
1205734
3888404
2265183
936294
1397861
910391
4331442
750335
4799857
4844710
1259934
156864
576929
88470
4484131
1657834
4324494
3566655
8194
1