19446
4967261
3681336
1682810
1691014
3577663
4300267
4908174
3050909
2904668
4293831
2157280
224747
3699015
1442457
4832465
1382059
2475246
3374688
328339
1155672
3058800
1464662
1447143
890817
3898595
2333121
255569
4961912
1925580
3685745
3057492
4189244
742835
3265035
3401764
2936877
1749680
811648
373655
3360120
3062905
1574623
3006269
517444
4975634
3051233
1963134
4025100
2950897
4655745
54310
820055
3266837
2091781
679712
4383847
1407466
541961
1764472
3036101
2655197
1207420
2503445
2342594
3999236
2453385
2781734
4317107
665491
3815660
1268455
6107
2807031
2413399
382919
2859501
996657
4067198
1895240
1807975
2633169
72785
3740174
4705110
2349980
3178490
2188301
2379765
834708
1845573
338934
4974832
3379300
4445294
2588907
2008415
1068139
3987962
1671698
3336694
692718
1728010
3093413
1638261
1125148
2924793
2558595
4861933
4590511
2470968
1357934
2920705
3727484
3315404
4188139
4336444
97940
2427889
263931
610124
4600112
3642973
527253
3074995
3227383
4119465
3591608
296393
1160900
2967119
431437
391079
4941488
2566431
3874239
3185631
942708
357420
416537
1475049
4391952
3346981
1249002
4082585
2286359
4784599
4283169
4523450
4568815
2468481
1449815
3935453
3687393
748209
3844467
1127347
1277221
1900763
3016854
4603510
3963785
3850687
463297
4770229
3057196
3254734
1567095
3333980
690133
4818079
3092562
2940435
121449
2429354
4609657
4876300
1596315
1524576
3170859
3052686
1654749
3788210
4866731
396702
1187594
1914737
599101
2470016
1714128
4848029
273010
1495016
4176844
4128616
2851641
2524130
410827
2817385
1330840
4076859
651288
797167
2661449
2030402
3922730
1463565
4475009
4317320
1745615
2297168
3088500
275673
2707907
513986
1052114
130910
21670
4370848
828054
1005061
1702241
598799
1224903
188815
3661411
26923
1055916
1504883
434215
4000518
1191493
614608
555080
4613214
4768522
3213316
1765681
2185898
3819267
3171194
3487658
3666802
1722613
2975875
4681402
1771326
3156057
83087
4801889
342204
1085800
3382703
4757493
3666221
4388760
1190430
2135408
290997
1178911
431825
898387
118970
3612043
3983554
344113
427619
2266064
3700005
2759333
2319197
4561159
4987336
2653939
71996
4870785
1221094
726250
4230784
118881
174117
397676
3846070
1702486
2690736
1218179
2794915
3853396
3990671
4454937
2971783
4791230
2216400
777400
1850415
4801872
2741373
4508057
3975417
3125289
4575237
4412520
2590380
4038609
1518727
1059455
1862248
980259
2099150
4266332
1916326
1950358
1419128
2587935
4677952
3455683
2985595
2915175
2274951
45127
3765339
2879863
2549992
2285454
4361304
2895305
4780848
1921692
4443519
4695631
1006396
4950240
334043
1040238
4647912
3149866
1504657
4792929
2563256
4276651
1735443
4330166
1315021
1870474
1657464
4714806
1669852
4583024
3147357
386339
2445262
3596051
4217464
2390830
2733477
693256
4168925
2836716
3477784
933171
914669
4611303
525170
1654730
4149692
4684595
4378160
2937861
4798148
3420788
886836
1367482
3239983
3915495
575200
1637530
538190
3556307
1180252
3674758
229103
1257906
1610935
665922
1454262
3706291
4848166
2721537
4838300
2890131
472619
2859364
3130315
1262446
3389313
4103258
868346
4667523
1852432
4819816
4233585
2716563
4858490
1666552
4171865
508494
4158739
3283435
2536304
936098
4242838
4173993
2376456
2603004
319415
3827568
4911072
2320551
3556117
154535
4401816
3725117
316262
1548362
2535493
2063752
712714
2385130
533471
1627641
2478161
2525411
1861918
1008071
1187233
3466009
3545274
2562741
4736212
294157
4884337
2319692
2949957
4788797
1104799
3499882
3893473
1673348
3626761
2319949
2227282
1785550
940325
3610886
2952742
3793140
1349114
3044647
4816560
1326392
3702436
339914
425424
1677866
4840570
4312968
1316110
4148946
2787476
3825403
502594
649991
3550140
4046188
3192114
3984133
3543714
2445060
1814699
3650893
604694
776601
2227002
1057429
4407000
4103526
4111736
4477048
1789936
2181988
2175454
3669114
2848629
4238037
3923812
2365757
3756836
1139372
4221502
401639
1133395
3865820
2098528
1497070
2695687
249193
2727622
3435346
2397437
958498
2233987
1328823
1190909
3955113
2635387
2299766
2678450
1310151
4410302
1035913
1722980
2186194
3790500
2011712
3316323
2587800
3092075
4006243
202201
1584793
3503914
3888445
1919168
2376250
4656778
1026543
1984051
3625627
4063247
4445820
3631862
4364456
1460787
1079439
3973085
3299997
3845897
1664665
78157
4184049
1525828
2158736
1742984
64995
1237114
3502538
2417231
3106397
1307673
3361514
686851
177228
4286444
4599114
4722578
4300429
119017
4191290
3678905
4245031
3246736
1806776
105690
2856609
1101171
126371
2374157
3703003
412766
3345671
3511759
887793
3829900
850539
394766
1473439
616408
2593479
624954
1980898
3992250
4095046
4477805
4508140
4277211
1365538
47598
3288051
1431103
3795580
2130000
4137996
362985
1571240
2445279
3662927
3339777
753871
4302010
4379218
4044008
1702157
4676735
2450327
310989
519682
3374813
3169958
3203591
4297132
3817481
1222672
3388427
3060083
3460388
2207892
3567488
2080760
2322449
2214538
1225375
4930109
4192660
4505203
819835
4622359
4100387
4372619
281826
1668009
1332061
3207727
4962874
2226797
4136931
1275362
3949880
4207020
1943382
1282045
4239419
4552122
4687012
1518871
3657086
1029802
4401840
993491
3197160
3745510
412923
1004083
3623530
3856699
1533629
37045
1446461
3171953
1955483
3695317
3704015
4306503
152821
4639286
3178114
1912712
167788
1909117
976107
4563014
1773654
3359719
395923
2755394
4641563
3327757
41234
1701370
2430598
471839
1421083
1481086
3566346
4419415
3748481
1639
1888844
4427535
4444617
2261873
1725756
2355624
1994164
4700196
954357
4301065
720257
3095614
2367445
4997553
173749
3991485
3034337
3413749
3183409
3669066
185787
2330510
221732
3632608
3151419
4325157
2094551
1790133
2251729
2550205
885658
783162
1185623
1703344
271638
4219476
2148746
3713438
871977
3793745
3847724
2952226
3682604
3942263
2278336
4761099
2235045
2833672
4694779
1731247
769683
1451400
3210134
903843
1601060
2259234
805875
4927549
1263672
1855260
2047419
857512
3646716
1859920
3966434
3662814
2377606
1396074
486677
3550158
4835927
3346008
4837877
4714238
459444
4172923
1233349
3328309
922727
842885
2114773
3516350
4716883
670388
2107038
3677920
3761675
3409886
1621782
3911105
563367
4131597
1760541
3488451
4664590
193388
2162594
1660543
4956748
3339433
947
3604784
586042
407213
2555641
4737779
3364607
3714522
3857577
911167
3691654
4353974
943817
2356935
3317327
2551267
1163716
3595152
1225737
2900985
3290166
2103886
1615088
2831327
540509
1626720
3254221
4331114
3242957
1974495
1818127
2135865
3799877
2095194
4072410
603373
2486573
2983010
1558920
1828146
3771624
3567549
4901401
3109155
4554016
3506193
3897578
4511121
372785
3183844
4702249
4860918
3514157
4070814
1694822
415324
1512001
915964
3823474
1815675
305146
1969045
1016289
3415178
1199340
1180639
4773013
120118
4327836
965031
1867730
602566
2770540
3595953
4937523
4641184
2770809
86013
1999006
1644260
3336990
2982971
627548
4624644
828172
2729847
4967813
751209
3925870
413113
670153
2317358
4419698
659947
1219707
2369296
1165668
4804991
4942569
3723790
3308581
752139
40661
3208860
4735199
1681204
1876054
4285335
4434314
4085113
1955391
1507270
3973816
260957
4638084
2309176
995715
1660080
1902940
4262060
88857
4497825
3952661
743799
2723685
739448
1093634
4215026
4600520
2114015
3667457
4265689
1529134
602519
769157
1904366
4988050
1864948
805343
54823
151107
3765266
1414883
3363069
4584217
2156972
4994830
1511110
1423748
555971
2170122
382361
4577633
4084492
958915
2405184
1669934
922831
4552076
1417061
3585762
4290036
2096869
4544628
1642542
1731111
2410515
4651670
3726178
1039227
3121308
2068193
4464298
1116343
2427664
3224649
2547083
1204200
4629253
739399
2897792
1233831
3111956
539899
548632
4590974
4152076
4034720
1197482
4960231
138879
96803
4972947
2590294
4645109
3668990
1160261
2558204
2679539
1003487
4354298
4563556
2608011
3990248
3077721
4289126
1072616
925160
2295570
1351339
2519392
1074800
4879970
1579757
3599206
1197448
1046173
95771
3912837
4961008
3411197
1034781
2539271
4924456
4347914
2737031
4233174
4145964
2171206
3618369
3958147
2273056
1226828
4473137
1529098
3958370
1826796
2354257
2950896
4605200
4738903
4496065
4353674
1025931
1231404
4095849
2869283
4026334
756278
4745698
2954978
4719880
3474511
3809643
2635026
2746197
2814378
138507
1044055
3134895
4451438
4953683
144988
3915646
2226439
795987
436020
2786111
31784
4911637
4373780
674222
4596517
1245762
1209959
3737427
264489
4363502
2008459
3578041
2565020
4263303
1281700
300913
1815917
1830400
536018
2955655
2011357
2060657
4831074
4726632
720623
60003
4346119
205908
2777248
4825924
1963599
2647759
4096556
3893380
4745467
1289090
2697481
3204629
4382307
4159646
4192847
3418753
2543208
228131
3267803
4261206
1573680
1768978
1146677
1825354
300009
4378100
2711199
2648039
1505990
2959581
1305438
1329063
1711507
4375878
2142599
1702131
344302
1796272
3945134
1021372
3821386
3669999
3491607
2493252
3144051
629809
843889
4332815
4531766
3327847
2956401
2517690
1036891
3675402
4307068
3831764
3805984
4007692
349192
3131095
1684504
930038
1096540
1000877
1295066
3158049
2329509
4168112
1643372
4436482
1419643
2283890
3145541
2237072
1446839
1777863
276626
1529673
2583582
953874
3209314
3676082
4101411
1974492
3417487
2342893
4204383
1530902
4620126
4184242
4111331
3156668
2115876
2282679
2013809
1522451
4659907
385176
118311
4325513
3309550
391996
1739030
937744
4288677
3798325
3503103
3561649
4389574
4842777
1244783
2404848
1672633
1665161
143194
2731242
4079070
1856408
2578990
1111719
1683659
2989811
4720632
4770317
130242
388022
3861815
4189253
1230629
2542652
2471272
1198329
543411
4135968
2829830
3047894
1428188
2949759
4993690
3961601
4420267
395318
3525281
3530428
2566656
430374
1877034
3884827
1668101
168159
2178228
2381307
972953
140383
3704627
4592453
830145
2112214
1929555
2630519
1279709
1580964
3204452
2990402
1111585
4069037
4398975
1342347
2038091
3746239
3713656
809972
2225351
4034462
1053573
3491837
2997175
3292261
397249
3061790
241178
3531276
229006
3270277
480919
2888587
1525471
2311906
4185613
940997
2444390
4580924
4103143
1052359
1912423
3578391
1764523
1363010
4275875
4565665
3623555
4535414
1912524
300190
1836110
4288180
4067195
1233966
207084
2479263
1541413
508619
71149
1511806
3857668
970859
988021
4007996
981167
4954654
2258229
3468894
2125793
617262
1695012
2492407
1215661
2378725
823585
2110703
4637351
1053230
3661395
3135916
3454999
187132
3017497
3396734
1401448
3236962
514998
134578
566610
4517411
4775914
4590126
2240043
2880790
4023706
4787313
893368
1583017
2275352
2785873
1809820
3523405
2232001
2263592
869612
1425378
1721043
4639614
4900914
2038081
3621185
3460829
4640494
919935
1345894
392084
4306356
4729612
3648516
2926957
4410126
3215959
369847
4500641
824747
220710
3346019
1662992
3863036
3028348
3511015
2759742
2945782
1269412
9102
862145
1940798
3805929
4892278
1843554
1609101
3825410
3019717
2384611
3097248
3315050
1191489
4312189
242966
611357
4938655
2213497
1725045
1838296
3796943
611173
2941531
1569574
1604301
2060428
435209
1293206
4438178
3979270
4671462
4625535
3168293
4014101
259616
4036339
4399431
1522568
1577544
51009
3358268
4398987
4193547
959542
3935121
2024945
159125
4705871
2146916
3841003
920106
1343163
3827479
2456550
799062
4044341
3068422
3023139
1562563
2837155
1043051
921069
425098
4801194
24452
4313174
369601
4191624
343121
4408516
1488308
1689194
2428995
2232106
2495805
2077375
812465
2717030
4544266
4678947
3383831
2271828
135200
3221851
3873860
3028019
1251606
1124650
2467258
3220873
3243767
3877923
4260374
3159928
2887673
3442212
1042735
2316793
3932827
3726033
751364
364247
1222064
2676912
3924442
921854
2855942
2020071
3340310
1086477
1040915
2351525
915383
2884571
2614586
2828631
979649
1275784
2770706
498666
1204257
2626695
3570842
3444343
2099
2235969
139613
4922182
906869
2925523
1219496
3514223
4051904
12446
2625739
4826562
1481607
4128171
3000799
544091
4219719
1116483
395392
4934797
1817767
4008117
3544577
1284149
2749330
3498509
887423
3426102
69661
4181081
2782693
1935989
778313
1049420
4321327
4652839
4573211
3625356
718529
1864162
1297178
986096
786093
3018199
307293
4533414
3072117
1334694
1274137
1763477
3092335
936747
4023147
470367
2488683
3048196
4297738
902302
3575953
2214444
667708
90834
1177707
4221409
46864
1764447
469432
3204140
4131831
1563168
80463
4024549
1056563
3652427
3355653
442133
2575922
1954381
2485500
3197043
1496546
170028
1188303
3593896
2391592
1341679
3660883
2312593
3568440
3897983
928068
2436402
2931095
400816
1767219
4117167
3695180
4128106
4192425
2143339
3522911
2875680
4792817
2398781
1097219
934651
4899263
4603718
3752518
3067847
3508603
2032814
2119651
2493598
1172967
23160
4579219
1131106
934667
4129903
653599
3765026
3020996
2849632
3570054
3093869
888251
1912788
1828086
74908
1454648
1260247
4095433
4973713
2671636
986547
245853
4613799
947474
4987583
2546563
829952
2710905
3810588
3766876
777182
4793369
3434256
2387056
3341462
3443141
4733827
2426024
3766839
1792816
2962696
2864590
1084914
526239
4117559
3114396
534481
139620
3687514
1710385
109804
300275
2510895
3881769
3679585
4806747
1322411
4668322
4679421
1757674
1644398
3104718
4329975
1681151
4500867
1054938
4584579
1121340
2450565
4504863
3206616
4834520
3718826
4884882
4420955
1413920
2481050
3672547
2019297
2956539
4123570
4435465
761632
3864076
2478645
4349804
1101660
143965
4517231
1243952
3210869
1550870
3425771
1226676
338296
3469266
3451856
4594528
4369773
2611097
4768196
1748989
4811212
3412926
274007
2065341
3680446
854098
1864221
2841300
1579523
534702
2850500
3133898
2138779
426068
710280
3528758
1620162
342467
2268809
3661791
2686977
674748
1956589
1186601
3242345
1076446
102450
2959939
1585235
3973979
781146
4253261
1659152
1501215
1493022
4139017
3575880
2006331
798174
1734586
363182
4840704
4643157
4417178
1841340
1185504
22470
1016588
2678099
4237915
408992
2386689
2134006
859740
1123715
2298945
2373581
76712
3465596
2447634
4556497
2547474
2979570
2573657
4831289
3673705
2605999
2174296
1452437
2370773
2618038
4468255
3898349
3240934
1530662
1550159
3594725
4892977
2826972
3162970
3238381
3110276
4579173
3048966
2006579
3529096
103122
1259271
3827770
637571
1652236
1902868
1645231
1828488
2074532
1049895
4228818
3643886
3656522
276283
1328223
4880101
2111941
4419240
997549
955985
2708672
2515768
30955
4467452
2212164
4387722
1456462
2451989
1509860
4770826
3998993
936811
1761104
173441
1141604
1729947
3706555
1430984
219904
1485080
3014546
2068973
3548818
3100621
101625
2650428
3387448
2014073
2991615
4334862
4341551
2175630
3250964
2122519
3225268
174959
1396339
1517291
624107
2327636
4830501
3741321
585684
1638794
1894084
3095320
1883606
4530326
1295486
3565033
3651983
2527980
1505083
990058
4748684
138692
724783
623440
3956525
423367
809538
3155549
1846903
341597
1397175
1325540
1164615
3400923
2638123
3649976
2277513
2353511
903071
4969496
1129885
2284499
2825110
3404575
226860
614740
40345
942275
3323822
4914981
4729036
838603
2835995
886288
4760146
1351155
2416777
1179633
1810994
4482521
3657305
4015869
500012
892851
1457882
109347
4067101
2179945
1792124
4569858
1533698
4561303
1832770
2430715
2765315
1388452
1907962
3416110
4848915
648306
4891524
4916518
1643038
1168021
715324
759732
1986404
1096906
4379818
4813370
521436
3101273
1129327
3278137
1999338
2157332
2316069
2256408
4987647
2345283
1736189
4287203
2162738
4887335
3360195
1032558
1604789
4511060
113276
2616750
3304845
3066265
2680885
979082
1599940
972068
2567340
1197702
2120301
133559
4435407
2009746
2177859
3639964
412898
2877916
1397740
4861671
429867
4604665
4638253
1769034
4275130
1553587
950812
3047329
72923
1169777
1943529
4733277
2983944
2422107
2122737
190437
1151015
4258834
4030262
3545728
2533747
711799
3329645
229947
3933713
1749646
1498439
3082401
613452
3224099
1169970
4824312
419557
2769967
4382847
3632119
3608687
1296682
4530987
4255388
4011906
4221274
2719205
1564160
868467
4413418
1484197
1316016
4807706
573807
4635090
2395236
4345245
3531453
702666
1397596
3998562
3408975
2114554
2057
1