815155
3594024
4943137
3602431
3558623
1155336
4813715
3774006
3152856
1057784
3864631
3797106
123118
3912912
219883
3510392
3085762
1788226
3738895
4461168
2414398
1766038
4063445
4578494
1024053
2473741
876382
3467019
3966381
198181
4529391
3240623
1013068
1779722
4760569
4904387
737995
4013591
1681480
4430731
2161876
1613076
4252808
3122278
3250228
4725238
3888634
3765852
3611329
1494533
3738546
3744252
471503
4203237
2907810
2446166
1303989
3839501
3316572
1739382
405365
2045526
3800174
2746654
2149072
174213
374453
3433855
2901519
2328519
3200527
1107121
3703085
2815397
4082733
226250
4286646
4593508
4247552
3570745
2602866
71747
3047576
290107
71407
4342897
4190533
2736175
1900599
2825874
581181
2820523
474294
1120316
1685256
1208808
478516
2681448
3403776
1973493
4037925
2051096
2623762
4159116
3915749
1593073
2349636
3152095
2731273
3855637
2622991
176060
647380
760478
3986717
4269777
1258194
217021
3145720
783578
1122844
2120771
4285821
725762
1573906
664680
659476
1726343
1305139
2472492
1325231
4933931
961850
2134779
1519169
4149634
3908332
898970
1941364
1471140
375486
586258
1599476
3494895
2446350
4388221
454208
3464461
1487357
4380527
829875
2038773
671350
952550
1695014
2177511
296044
1135805
3449669
1872552
268770
3527818
1313143
2507866
3510338
1975606
4685725
1293549
3316229
2746116
4740350
2544619
3615393
4796188
2942614
2495834
1112010
1201680
53788
4560989
3262033
1248454
2080600
2647924
560989
2878444
3425714
4891081
1426678
3526633
1659743
1361437
1724756
4499239
3669677
536881
2522038
2325137
2858966
3121113
2591145
2389670
1095496
1946902
2161141
549527
698748
3153872
2217197
2113698
830741
3567811
228085
2651261
2570779
4670747
4759684
2449392
3464223
1524669
2050456
2786593
1861920
2662124
3724650
1043390
3730277
4296271
4904841
4494674
2872126
3527964
4653342
3750276
1859858
2318909
2968400
1632496
3509102
1642209
289070
2232169
3286405
3262088
2156391
3489779
1520204
3722119
1722695
985339
3895847
3770363
1839329
463832
524459
3347069
1383347
4264185
179452
2109163
4069363
4715237
1883681
4624415
1320535
275064
437226
1609538
4476134
4482514
876900
593953
2410778
1828598
2481809
3151610
3080229
3471978
1039201
3943848
1965467
2986092
715754
3009201
2060637
676311
2384091
2860956
794917
1896767
667188
3754770
3398931
2072638
411357
1765883
2849008
3220715
4133771
354625
1694483
3637832
2853920
3034091
1343175
1967263
4200602
2267212
241465
768121
4952640
4468535
4842360
1232255
4945153
4767211
1158105
2752833
1216685
358229
1664779
2041134
1490537
3196625
1567954
4857361
2671614
955761
4587850
2566822
4282283
3057040
4079670
2229449
1508206
4284692
4186674
126700
3285155
1759907
2287121
3158924
2715610
1229280
219181
3595135
862564
44876
4302963
422913
2511889
4617875
1019296
1554278
2895597
4929397
2547939
664998
2001241
4750190
3103573
4020642
3110652
2240006
1103303
4140485
2323210
3110705
2488711
75659
1881177
1422192
3462615
262377
3584961
562155
4523497
3005965
1631678
1470241
4027128
4198328
1463667
506256
3184303
1179926
3761796
1496118
4985809
322026
3552830
1030325
2347693
4171925
3279554
1076686
448406
4268817
753412
3709154
1931146
1301102
55465
4824334
2120982
2013308
4114782
1616711
2445932
2218853
3761063
4123175
1558916
3013734
1363718
47872
1229749
3480649
4361187
164586
3014025
1897732
1468501
686536
902155
380423
2841190
3721611
3651901
3446894
3714854
1227761
1204507
4298563
2502518
4303103
4236190
3676195
4289231
1170660
4565402
825668
172150
1692690
4851737
1388476
4282998
1672659
2757310
819823
1956659
102110
4275162
2805098
4671549
3413279
3449605
3975364
644588
3292131
2786586
3046571
3573979
2105518
1510666
4771027
4287404
4691197
1361260
588890
3290237
4577729
751259
4999540
189581
4898719
3546536
2053812
2173655
1523917
3679396
3366764
4335214
1721005
4178885
3361218
4773520
4211983
3156552
2972638
3603775
2495720
2244172
3606291
1378259
4764116
218175
1588367
4076820
213117
3470178
2654068
1839179
1057051
242814
284012
3504023
3271964
2780145
933590
3081454
2724321
1827708
4344622
4926795
936215
665868
3533414
3414423
500080
2547825
390528
1466932
1160465
2180306
4250519
4729476
1578607
4335676
976077
27163
2050963
4485777
221985
2607587
2357647
2820685
2476008
3541457
1626823
2488677
1251022
385024
605171
1911136
720904
3524497
3814266
262215
1354948
3958398
2182124
4179065
2490628
2801938
2551949
3472795
3393904
1277684
4720620
3509150
1497388
115209
1839496
1854131
4592872
961358
3478272
4794505
4356028
1618671
4631716
4923363
1092073
2843353
1206429
4486768
521803
939189
591986
348818
1891003
99374
1183571
551527
4664984
3470872
2442205
2292905
4478499
2415534
1368695
3636369
1354624
4981653
2972242
4044932
2371796
4623338
4518276
3146879
4279132
1637853
3197030
3982992
1636455
2892036
805761
960786
344296
4047218
2789837
2414482
696312
2359282
1660157
2782169
4372972
4401741
1651789
2476496
891440
1285626
609105
547514
4551136
977645
1705432
705700
1315419
1153849
1324681
1742166
125393
554664
2679568
811598
3020140
4153889
2826223
1384298
3846091
1504407
2213023
849894
3901944
1813556
319339
2142487
2412592
2166378
3574809
1006870
3035090
2698755
884134
4260774
4455788
2959831
2095866
2004709
895580
1366974
4765307
4383437
3215996
4924605
3604423
4026438
1032015
4114898
885802
1099390
2266924
1029639
1604653
3010252
425
3377275
1050070
995822
1285211
2710343
3222890
4633241
2436005
2898137
766040
4166291
3374333
1125541
2526626
3260733
3518014
4648989
2699542
203093
3664028
736256
4082798
961051
3440558
1036099
1423019
2635263
208488
3744912
4207228
4164225
2494637
2893042
2937387
1589751
2570300
2104086
3043211
2019749
467329
3352787
99115
49743
4060383
1269914
2961295
2086805
3199842
1202251
705925
1192241
3926504
4652296
3230111
2013065
796052
1921205
1204919
2228128
4688522
1797113
3700979
3990180
2576902
1097938
4713105
3809819
2360946
4363865
1453255
3883494
2952550
1631778
872173
1282028
4632136
4709465
4150728
1563655
4620124
1609054
469400
3676334
4390818
3552993
4742212
2990341
1644554
3263703
353587
780420
4775278
1349405
4949017
353358
4908472
1272002
1033317
3033170
1308388
3127437
3248302
645141
2071271
1899815
3579736
1679180
3746373
2699262
3002021
975573
2051010
2658206
289557
3007103
2267375
3519095
3604159
3558908
3672017
373910
2992200
1912863
1097975
2945857
2397084
1012282
4516822
436532
1650850
4011830
4803691
4715701
2823161
227387
4275266
4857757
3270216
1137044
1540166
1634521
1273663
3206741
2077486
2520167
3850311
3633048
3923957
388242
2644027
3123999
1995758
1021543
395766
1318075
1678679
3721533
1812837
4516498
567337
1660263
1284943
883892
3407675
2149944
2253801
3796678
2094900
4028617
678389
519395
1577333
3991319
33711
2007351
1706029
4896180
2554223
1661757
3122215
607410
3756300
3844140
4087497
1159296
4336299
1029006
500749
2252154
2039124
180721
1221949
2089193
3913582
4427935
1176301
1887961
3830682
1373373
4305574
4682484
2854411
2392966
1061346
2969711
3328654
273362
1340381
4237941
2793851
3174060
164298
1255615
4085662
1613640
1306311
380245
3738422
4991584
2212268
4230203
2790024
1935545
3365164
3229315
2717242
2616166
2366692
4294379
4034730
3234311
4988570
3938205
3727675
4151315
3730269
41846
1046114
4777915
4575989
3505982
1556718
182206
4443713
3802422
843639
2925921
3612727
4206125
3187543
4239435
3730860
3439808
3776255
4699363
1266216
3273465
1099446
3148078
1254424
4796726
757196
2564966
2360555
2881565
2144956
278891
286352
2832052
1276393
3428764
1858961
47212
25452
3117460
2752116
4140205
4293231
4916044
4618417
531665
4298433
1474169
2304574
4296811
3793858
3595609
4396064
1970111
1125489
3931010
2077036
4457835
4669644
3257639
293607
2781832
1136059
3013903
2825261
2924961
2336901
1176242
181959
1886521
2964126
1008532
1278542
1659704
2458701
2679775
4831124
2030757
1790587
688343
4045377
3652283
216164
3532328
1171314
4164626
2634978
2221483
741562
4190907
4168136
299520
2784368
3734807
3869874
2657233
117090
3058816
1146523
2574065
3485492
3432264
1364397
4765771
1167147
2690616
875492
3478219
4103272
608212
2628237