2214070
2450307
1731183
421316
914595
3392299
2508121
3133120
4562288
738835
4250958
3700559
1201621
755207
3444546
2488498
3612056
2681719
2010060
2251115
4561622
1305153
1688267
616585
1175148
1435032
4332663
240143
3886903
3794222
956526
1234264
639668
1520736
1212559
4280091
2061645
4540870
3499026
4370702
4388701
3941720
2695204
2052518
1718689
2251775
4296731
3918992
1350767
1500266
2835809
3008295
1041583
4519446
1120937
108906
4227317
375167
3831971
4305396
1903963
961474
140357
4697638
3633374
3471867
977704
487010
4635653
3918130
3864088
1936191
2929894
805573
1638237
2783200
3207658
4593541
3200991
4822349
252686
1006513
3630606
580791
2225672
189901
3580119
2881410
1648215
2365225
1571021
118686
2743413
4789103
4956296
3175495
2918686
585566
1427717
1076025
4081889
1154233
842682
1155302
4659004
304065
2833825
3280101
61052
3981805
1558016
2566889
3204849
3559755
2247340
1950924
2120907
614556
1043911
1037231
893775
3111889
2360213
4265658
4021361
63144
3989145
4138280
4502691
3201252
2678286
4197749
1087373
99779
1776294
1548879
4499741
2837555
2799446
1351464
1340347
4361828
3539827
3474252
3526501
3883353
494349
659481
4734441
914876
3520853
3929772
4757191
1990307
1981394
1632624
4314660
1657994
4576699
3731580
4886774
2842703
1213672
3253303
3457052
4538468
4769480
50540
1567111
633336
2902752
1267886
4219809
566874
707447
4932639
699058
4200839
1782937
3161973
3551252
2300479
4399140
3564689
4068420
1057591
2775680
396549
1635359
2151314
948430
651443
1704270
3732365
969560
1744564
2073199
2405325
4777049
2754172
1583435
1741146
610818
3963773
3268424
4576747
772626
1883509
3358664
2944102
2360152
2344314
2000805
148043
1377652
3206765
171789
3781790
492885
3884996
1198436
471247
3182483
1067922
2599041
3145255
2817358
517246
4692198
4261576
4350453
1417586
2856257
1951070
1083153
3477994
1827412
3800765
1678286
319237
991150
3681671
2200120
2513609
3396200
4500324
183816
591870
3527517
867878
1833851
331777
4211340
2318402
4694635
2781775
3957138
2794335
633541
3684595
4715156
3382965
376432
3556772
3659705
1931872
4433998
4830393
1678395
2006138
4717794
2144980
1156723
1556088
80204
3778183
577449
2155715
342015
1303992
2336151
1621927
526848
1375728
41022
3034050
1175842
2707398
332826
667784
571525
2469351
457530
141451
3419061
457776
3570484
4858567
3891727
3074390
2927185
4602411
3737095
370178
3010235
3501387
3234465
2385418
1388824
2904587
1117104
655988
2641053
2286604
2517078
3859269
4662167
159568
1692515
4258191
4120970
3353496
4897679
263611
3130673
2801114
2729089
3539469
2002759
3199307
2853324
4677884
292706
3100334
1651295
4551350
3862060
4354502
212506
4457755
2824312
954413
1662842
741936
1317316
4569162
1051656
2107562
3168122
56516
3776609
2820347
1360997
4724108
41765
2394242
1652514
2181819
3593106
889936
3311314
1784393
1133602
3249032
650467
216952
3743019
2903247
3252988
278445
4523429
4774872
767211
811091
615652
2173334
644887
3599546
2050957
4557966
3791059
710975
645232
3042672
370972
2062880
606376
3691268
1465040
2540139
4136532
3191036
3372043
2791555
3449684
4353913
98395
3067477
208353
2932391
1080115
3642223
4999294
4781779
1524715
1835304
549086
3896467
1496356
1397262
4621996
1907392
1208105
715609
2290613
4866985
1478542
4566147
1262236
3982516
1140452
915907
2695869
4862127
1817394
3210315
4807547
4434701
4028309
560599
1717358
1075211
2314750
2180491
3785257
1312230
1654317
1684622
3061245
3950068
3979383
3536927
2830841
779905
3784611
3457689
3899003
4131809
124412
2000477
821055
4866077
2517972
4276190
4552754
4222395
601842
3148044
2563347
3495951
3528030
628342
4421521
1341505
4196676
402265
4148657
42136
3574773
3073640
2692967
1291047
3216165
4921678
366502
621927
4224514
187038
1557878
4316653
3968525
214665
1021160
1383364
3038162
4469614
3941219
3879602
3341933
595061
1590114
4792287
3829510
3077940
56637
2603022
2332337
3834372
4937666
3889431
4962591
421840
232056
1476452
4848363
2284219
1073039
2545949
4491509
4189912
1159979
4344929
8816
2511591
4184725
1282369
371426
2706171
1676207
3291940
4278722
557771
2761361
1134892
3364629
595893
3999344
106356
3044251
2554002
2943486
3747885
3024263
1078722
670373
4243825
3780358
573663
1141210
584379
4586994
1668027
4687895
625083
10515
2513225
1269713
1075888
2636506
2204531
3789013
1673395
3721834
3726308
3838722
2653320
587571
4833552
4920775
2961793
1528532
2023787
1697138
4165312
2935470
872909
3361689
3680763
3998170
668447
931740
1806140
1253493
2292994
4687917
83
9783
2512854
1686942
452172
3868369
911244
411957
4369407
1724594
2663153
2910725
1138605
1670667
358227
4432396
1431400
3093223
2688688
1574539
4320974
2499287
4383239
2619677
4326718
1541933
4605528
4264590
1048765
3961591
417834
625341
3125065
8945
11439
18615
3782966
2399776
2900870
2157788
1357110
3743289
3257058
1018598
4537639
4544216
1480209
2945102
1688276
1568523
2267504
2780952
1921990
4035314
620631
3639798
3319830
4025693
4619511
3238105
2584281
836975
1876388
3437926
4375101
9113
2512295
3769030
658606
2851888
2241847
4086209
3316137
995771
2850571
3629716
2170137
2646654
3779823
4338248
742829
4874438
2248222
4508873
4970935
1140230
632220
443068
3657251
3397884
2744778
1878355
633462
1878861
3334783
4375425
1250089
10439
2513721
438196
4620901
3773273
1529021
731685
489283
4154298
4388496
146161
4410586
4858752
1161704
967048
1166889
4216219
1187287
4369278
2833961
1381901
1810923
4524078
3112928
1821766
1820074
1159762
215090
4065551
2917796
340
1562570
10212
13013
19823
2950848
191239
3908627
2230328
1366559
4085271
425472
4450254
4007555
3856652
180226
3490669
271332
2776120
2938775
1923118
2101106
2769798
2871051
2231009
2871491
4283366
1320650
1359754
3763280
2294612
1876090
2812824
4375066
9679
2512191
4602110
1491397
4142576
4969557
577345
856287
721412
4748099
988736
2149711
1394992
4027214
2640514
578542
4947651
1099606
3218368
4618699
826079
578146
1557063
576571
1519884
297347
77143
1715677
732559
2501301
2500403
3437588
9303
2512072
852402
3159308
2159760
2386229
4119960
3415986
3312854
1153327
4777208
1667909
753634
4702132
1622801
1564489
4276087
2641091
2169272
1942085
1169692
1427105
723972
4808570
2297342
701243
2002431
3063650
1670379
834753
1250436
3750097
9347
12286
2935667
3366985
324536
3881849
3638987
3284823
2843552
4287450
3595639
2304538
3882285
1344807
4427626
2448936
3550151
2876556
4089387
1123024
2056873
1708748
707850
2510788
1382142
4782894
4681964
1229710
2503403
1459595
625358
625074
9844
2512221
18638
865285
1555948
3919368
4220243
132920
3625327
2984712
1171971
902686
741574
1232254
3446298
573188
3214743
1600198
1234261
3037851
1529381
3029006
2878895
344035
1069595
3811115
168826
879398
4689494
2292388
3125208
4062550
10268
12987
852746
1075204
2878613
3807281
1576438
3466924
711499
570753
4077038
3796859
2650887
886283
2859339
4370460
1801725
3534046
4192210
653933
3841472
349610
4351951
73941
3951768
1872635
1805416
4298408
4586406
3126154
2500340
1875072
1405457
2859660
2637643
4875150
3215628
2564913
4960235
1517363
4501417
4821881
4419348
1511306
1299973
4462
2792882
190300
3705825
613446
461408
2686345
4446642
1281360
1659696
2512016
2819275
2935147
2698454
4899434
3207476
1557145
1795396
2706920
4721646
3483596
399005
3208970
3447842
4001298
2091401
3508159
3156346
4284319
4491669
1744989
395612
1177617
3576842
4849770
4493256
85436
4453295
4437081
4599809
3663122
363882
4194370
3781159
401514
2229384
1116778
3555914
1212067
1821282
3185453
1620087
1781675
138701
3797556
4795875
3900009
3220788
90246
4708344
2872567
1173433
4079351
259312
4843798
4435960
2096266
3766502
2919206
209823
2773560
959043
4234095
1432249
703166
1041794
2713572
679457
3424298
2078203
3244469
3794951
3739929
1751409
3110614
781429
2496732
2913550
2109520
549533
778426
1404656
3880078
2924407
4819726
4123283
4019596
3851673
4479761
174905
934609
3370280
4062350
1610298
3082094
2226800
2526735
2203439
4205928
1168839
3238714
4690422
3810484
4067908
3324809
349
518
2917878
628483
2551304
766409
2602592
802238
4735026
864197
3688617
4984899
735668
1561248
3410229
1247966
4400231
4068633
1729764
2957286
3778667
1842639
822754
4895487
4688645
4328605
1466037
4875242
2604237
4375026
2500009
1562504
319
2500475
834445
3128156
487917
1486760
3307936
3357028
2015128
4227262
581888
4109889
4293271
2535164
2091795
3824493
2538708
2694559
305120
3480641
3439588
43863
861253
106908
928257
607802
3279060
2979571
2916786
2500034
4687517
3125008
266
2500395
3334222
4585884
3361179
2655898
1753791
3477811
4251443
2090512
2542028
1287002
1803975
4651097
1371818
3083449
3895343
1553700
892837
2471754
3530630
3530987
4132512
3722693
170650
3070909
1437979
62639
3437546
3125016
4687512
2187505
291
452
1251075
2086375
4376437
409176
2052241
1337182
3886600
4355263
1438857
4837861
2966131
2079004
555327
4808500
906000
4917863
2782913
2809915
237253
506385
2502036
1055891
4286013
2151379
1369189
4173974
937602
2916699
4687516
4062510
306
458
2917740
3128208
3356355
1077895
3162686
1011635
3962800
4906589
221449
1509906
1290284
2263116
1525122
4336269
1371213
2424250
89194
1686651
4344473
2474986
2321226
1902939
87296
4959847
2917183
3666830
3125050
1875015
1250005
4375010
298
2500413
1667568
2710813
4340033
2759030
1831904
757573
3010782
2933903
3665592
2309812
1131440
1114875
4676776
1811751
1382400
1848625
3926497
3784639
1702060
447533
1619425
34827
860706
498374
2521061
3597294
4270860
2083342
3750009
4062509
325
475
3751175
3961756
3891509
995548
4799505
4775076
3660331
4668958
832327
838844
3370476
996029
4362642
1596293
3259036
2478108
2856985
4643716
3882984
361664
1338608
3849080
1604011
720218
4035640
923893
4062588
1666690
1562508
4687511
337
2500493
417727
2086282
84345
1998119
2106631
4012330
37966
746660
244992
4497128
92962
3320462
2744872
4675802
2215690
3829794
4796862
365583
2071964
697170
3424122
1413884
4945825
4605566
764361
1062645
833375
3125017
937504
4375010
274
2500431
2501062
3128101
4307294
305884
1621284
4342932
4910226
590600
953543
605611
3068229
1496751
3866859
4267800
2101474
1143712
4482852
2204653
2588213
2667517
2094265
4955222
436046
4843378
1973320
1937849
2083436
625027
4687516
3125008
300
2500457
2917715
2920
1924688
1019344
4503682
1834483
3860152
565025
1643415
693370
1950478
1785916
3576444
4806202
1074559
1943470
3187146
1649821
4818344
3431600
3089784
3512011
1667286
4529852
1736844
666898
3541740
625018
1875008
3750009
340
2500513
1180
1878259
4599030
1055667
1745806
912345
3009639
2273462
1592669
2317800
319776
1191454
263672
4434610
1523002
4955371
271398
3160015
1576172
3776680
2510774
3118914
2193716
2476887
4348024
2632189
67
416684
3437511
2500006
319
2500480
4584443
2086399
1605559
4110426
4119254
4569012
1793038
2172344
3424228
1946208
2594674
2068737
1267329
1392567
904628
4855751
1987251
3659899
1603936
1476610
3848727
971163
1513526
4889154
1966181
930838
1562583
2083358
625006
2812507
274
466
2917700
211259
1938589
1325067
1388808
3356070
437529
553841
3316244
1974407
4426059
1391750
4994905
4805030
401574
3840673
3461718
1133016
4596987
1491994
3480673
401577
2204497
4242836
3000726
2430783
208396
3958358
4375013
625002
302
491
3334439
1253146
855955
3903329
1154571
1542371
1729093
355415
3245464
421646
2124978
2374773
954654
2390669
129124
1158992
4759298
498086
418783
446264
4947665
414222
3602998
1973113
355301
3555922
1770939
1458363
6
2187506
281
2500421
3750974
4794549
4334499
1797652
2282994
85704
401944
191237
3356579
1162177
1871903
496986
370164
1433866
2177354
481831
2804311
3769250
299411
1378357
1596571
2749005
4412971
3279938
77135
187731
520899
1250019
2812510
1562504
302
2500435
417645
211099
1764497
108240
2724515
3654361
2904062
3974954
1088858
887442
1532423
1333876
1539039
1866949
3986930
1360777
972807
4773145
1131758
1454026
234948
2928264
4110683
850220
1819670
423677
4583361
416672
4687511
3125007
265
2500393
1250989
1461425
2272727
4612004
2233633
3180607
3956635
43515
4518836
1895301
3177467
123933
2840813
4914003
4841614
2075255
1480924
2233976
2440337
1452608
3656642
3802965
3209652
3216596
3243487
583458
4895878
8
4375011
2187505
341
483
1250996
4169282
923452
4182557
3931162
2662797
198387
3824262
402976
4469662
4526855
4181050
3891920
3037187
1601497
4450431
3758127
1337636
1134548
4197243
2855070
3818451
3672385
2733763
4848044
4528045
4375083
4166695
4375014
1875005
344
470
1066
2086342
3265234
4415838
2146178
4012471
2814050
428092
2580559
58770
3386199
1525968
3217615
4762676
1910712
598933
1519101
2508784
2727062
2441073
464903
3862469
570559
350805
1569867
423735
2083372
4791685
2812508
3125007
257
378
3334256
2502692
3577044
2636857
1158692
3649154
1419026
4035539
855814
3972151
550365
4445361
745410
3296151
2797823
108528
3734538
1514769
1947719
926063
1743219
2617641
3255674
2792524
563625
1472581
520936
208360
6
2187506
316
2500531
1667903
420208
3100045
1023792
27737
325398
3128563
157116
1762871
290990
4801617
4776740
4427639
1326108
3071332
2821548
95354
2111249
2953771
3146951
3865939
1561626
2147511
1540389
744222
2507312
312603
4166702
4687516
4062510
325
507
4584492
628220
2585120
4020931
4219896
4782739
3039513
2708053
2870564
4933750
3940864
4895458
1061762
390809
106406
775256
1940031
1621732
2103953
3556901
2665813
2753193
4929058
2130748
1243414
159824
4479204
2083344
2187506
4062509
333
2500517
4167831
2086584
439409
3979898
2810421
1885626
4112738
516140
4448613
459290
890992
3191285
4842723
1239923
949747
1414911
383372
3872376
1514439
3329351
2731881
4536238
3421712
1642652
3112426
2250411
1666785
3125036
2500012
3125008
308
482
2501101
1878135
4848937
3500106
2375099
1493464
775414
1858048
199548
1166510
2464137
2134064
4313974
3118328
1959391
375771
3545466
3761246
1668476
3688013
1169058
990355
439850
3347681
4389881
993368
3541763
2708362
312506
1
319
448
1667747
3753114
3598907
1298796
3688527
2916308
1619814
1496070
1897045
2686305
2137111
1313027
3357043
2081756
546747
1655528
4345748
3747625
425566
2747278
1262258
995904
1746877
2150501
1174420
3840534
3645911
1666688
4687514
4687511
329
478
1251188
1461871
1426671
1774555
1135681
898865
2011055
2360329
4201182
814841
1379585
4111389
1065258
4431250
48492
178136
4977996
1845511
4073293
1312715
956753
1032931
2785962
776305
2598316
153113
3125101
1041693
3125012
1875005
307
411
417520
2710642
1700524
1229350
95534
3589595
3713335
2489862
3883106
3471286
2384167
1259323
3028617
162451
2592344
4526621
3436801
3643529
1725024
3779594
4817797
990744
1702326
2553588
3965399
1097258
2187514
2083340
2500006
4062509
365
550
1667920
1461859
3843000
1023356
2530969
1365545
2876654
3711450
2133589
850705
17772
38050
70175
3957350
2515876
2199204
2687805
3586215
2047820
1696627
2660837
2019512
4314078
2711678
376173
4125376
2500110
625028
6
3125008
3224487
1411392
3968993
4601333
854173
3568974
2138338
3043793
3763707
1516307
112614
1847645
330486
174946
1287184
1616402
3110685
1452847
312108
751705
2600843
3828066
1157341
4782743
4937122
208524
1771872
797254
2412912
287231
3613467
2308351
216628
2230262
1520001
3101367
1123741
918171
1218607
2615431
2329075
1961266
4161705
2709461
1651254
2487403
4422711
4717831
1219821
4707927
675287
3826911
1229228
4529877
1782539
4857889
2202907
3735792
1938564
424615
2643931
4802724
1617813
3412605
3152576
3974619
3944890
1079518
4077210
1820414
391542
1006806
3152916
2117564
1829648
1340886
1319607
833750
3678423
4816078
615118
1089301
4340499
686130
3685890
1608436
1520959
3325188
4506229
4706713
1048591
447986
4204369
498994
3392416
847727
394978
151234
2976391
1673584
1411899
3776372
3933533
2281691
4455669
990731
1755076
2612487
3454531
3158424
1745761
4061998
544639
4684142
2125638
1830823
2028525
3083421
4778328
1952091
2855983
2217559
3934118
1679683
2532369
57665
1150851
4809735