2772950
4712985
1746645
2137290
1601259
3367487
2678150
1034210
712105
1410840
3562237
4685813
1422267
3385150
4138227
3969442
403483
662244
4131947
1818116
4169827
4888245
2645950
132411
3037896
3439498
287779
1086743
703221
1785900
3344109
1487760
2100744
4818935
1401780
1764502
1715666
1738179
1796220
1989463
1317170
242334
243139
1413609
3527104
4640835
2078928
2617623
4034820
669263
2080331
3992637
1936431
3418561
2978056
4879279
3892989
369333
2602851
1329470
4539426
2573614
551787
3613770
4817759
764579
4005812
4524797
2882466
3172128
4188579
582564
1214068
517879
3163239
1994578
2868434
860481
296713
1367545
4487525
1124479
3622164
1989312
2634497
2837771
3358278
3288913
167137
4347454
4849851
2310802
4054029
1075343
1267278
3649704
2665641
2182524
2919022
1174435
1459496
1281514
4450329
2504957
1491722
4362657
1427428
4814378
1006573
4899719
349935
767888
2723440
1785949
2638681
1236265
2566289
4804500
1702744
3538619
4302115
4529757
4905525
3506577
669588
733096
1184466
2606000
843471
4465354
3463864
959738
2989459
3893848
667
4278764
2081023
4102976
2015569
660024
4157449
2360228
1736520
1535672
3437757
2937914
933610
1561503
2647482
1064511
3795013
475774
2305520
1134472
3119830
2236691
2866177
434907
2996897
2001386
1692820
2419149
2902773
3384923
3555023
4731885
3174380
3731222
3490340
2694335
1342992
957893
1884744
4730322
3873182
755000
760332
832406
1194859
3220570
4677488
4426097
3780323
1512563
1913829
3508935
344540
480902
3807287
1418012
861221
1781621
4350406
3898472
2110551
2434510
3887061
4690866
544972
1721710
4394871
4812776
2555404
172135
1629544
3890296
2233477
1501523
2922613
2232108
3938151
4502210
224255
544695
3581122
1846420
650710
4529242
4705994
3395495
36274
1563621
2209227
1944676
242884
1374897
3969640
4900294
3163151
1968224
468110
3625601
3282495
1039870
3862108
212631
2592045
4673275
3807335
4727426
4849602
800677
1712644
797379
1945899
4847205
2035882
1963376
606609
2942328
2339571
269795
3741205
4942717
2802750
1210495
2201773
2546182
873359
209179
2793412
69588
2752989
3500975
2583016
1503020
1195526
1337584
3720843
2613427
1079059
1832057
2545534
1311891
2923404
4600691
1877572
4351070
4863258
450737
453760
283863
4264142
4859366
226025
1464033
4075982
2757242
2938234
1772736
3308518
2457886
1725853
4402359
3881095
2849091
236636
503545
1882462
1785788
1981687
4899470
3786374
1027429
2906622
4703399
758010
694968
3383112
1314998
4469434
2177780
1104219
3141944
3329136
4643839
3827111
69484
1635053
1822491
2127670
4369155
151742
4715509
2385921
1790281
2949146
1172701
1919914
2488085
1050086
3237016
4743797
4006240
158292
4913141
2139139
4390355
2603951
2805596
457281
4215368
2081602
641078
2637559
2653533
2561645
571625
1905190
3240917
2374818
4318631
3734721
4807370
107137
18711
2689396
44551
140644
4750460
4135578
2062222
4158729
67879
4564704
3154320
20459
4807553
567994
2388682
4402667
1104839
2040044
3668681
2391024
2877517
3964929
1404221
4138108
2289832
465495
2013808
726123
2405127
1088136
2380737
3518071
4758619
3682942
1195016
4228264
194476
4696686
4990793
1885452
1632975
4545536
1100434
2210053
3957416
1767278
2374151
4668716
3849243
1742561
2961246
3720788
137920
3653234
1812299
1957723
2971984
4653756
508745
3291314
3690346
1105380
4508268
1326461
2097480
2468323
836740
3520357
3059235
488372
688066
3280574
643384
2390892
168734
1573241
3816802
2042475
3767721
1605117
1965631
4838691
284933
2591519
4602582
3583245
3099349
345073
3067984
1937060
1293289
3694176
1888875
1937493
568852
1038890
4241969
338516
2878333
1518193
3210689
3872909
1767769
3309639
1621456
2435318
4786356
3779974
2343514
4152259
651268
4264239
251523
3369627
2350907
2593225
124637
2941942
10306
2264906
1254790
4524890
927826
225104
2990154
512835
3259708
3047722
4651449
2258947
4016129
2299300
2200333
2659164
1713656
378024
3478839
971016
582384
3554123
890697
1872726
2879126
606705
3248395
3509834
227364
4497378
4012524
2500360
974863
879372
1223426
2131753
2926057
1231246
2258999
53448
69503
4271179
1010538
749449
4674713
2617437
1329159
539080
885625
4577735
3186341
2586328
1557670
2023982
4071639
405020
2439255
3733876
823806
1171753
4092440
4788773
4713020
4884079
3620652
2193195
3454508
2208255
1466090
1564763
937975
57039
2572077
3439664
804456
2734662
79971
3331375
4856289
4955525
3969549
4385757
2001025
2393358
1529238
1186359
1950339
3986264
1171208
930028
2018718
1416014
517829
2747597
2793373
681833
1857212
3542572
3490717
4080919
2506961
4064620
2187926
53373
69722
2190957
3099256
4611649
2455630
3545996
851112
2848228
200097
3021886
2932521
4421862
2252777
4790451
3064685
1172315
2710311
4258336
3996030
3650486
1611330
2658162
3070367
3020339
2552921
2353587
4124506
1581519
2923597
1252004
3437882
52637
2567302
4686544
3507494
3291913
2747896
4778478
1925508
63968
170515
1767775
3037084
2105284
362861
4788132
1382154
3163119
620208
3664899
1056275
1463657
2948012
1666750
3081124
1140784
4192179
3364057
3752666
1687461
632993
1252371
1250527
55971
75069
3030241
2899935
2685223
3771205
2198436
3137699
2137794
837860
4643773
1053387
4025901
2935499
1960774
4489139
3819544
639928
844943
3421603
3130889
2995442
591918
4452053
204336
3100704
4973514
2834869
1273397
217305
315157
562
56833
2573311
112560
3106627
4057337
322468
4000058
2695072
3694395
72624
3523573
3755414
3820231
3270599
4766645
356725
3736189
2867144
1018941
681185
2053109
2817464
9772
1484025
4143880
124521
68246
1742724
3977469
2507163
4064614
1875436
57275
72920
3857137
4343392
2053227
1267809
718566
2955511
93634
1857023
1925885
2881137
4951986
4917942
2504524
4519959
1877712
1588378
3071558
4173084
3957833
4142214
2081603
3099925
4127607
3290260
1848098
2439153
4183879
214783
626951
3125367
54475
68514
3020084
4550682
597177
2803689
686025
352868
2523533
1375255
4313141
3124308
2464890
4415320
2094252
2457367
4485115
884156
3151908
2957306
3407685
165314
74223
367403
4509891
3080178
3534819
2546117
3560032
3548668
4064656
625429
53114
67053
936207
1844935
4474523
526672
2503443
2909652
4075998
1298156
4142931
3054415
4559079
3419859
1546965
229354
1480043
831570
2346423
302459
3379052
3237106
4575139
3471281
2840321
4694523
28411
2605649
3565166
4175732
4377800
571
54996
72566
3443245
812507
3137975
2506742
2000053
4652093
209703
4580490
4927790
4416688
4122470
1734921
749919
4310227
2440327
4459570
3071642
4830546
2543250
3848687
3886591
2909328
2275951
4462704
4818811
2187568
4605795
2508485
4377490
3750508
57844
73010
525199
3720285
1832
3649800
738531
426081
293214
2984384
3958418
1505228
228859
4695439
4382938
1221013
4415994
2791465
545978
687727
879980
57672
1709744
2260457
3248202
2450692
1363810
3005125
4911154
3547304
1615
4687816
57738
2572799
3439384
384731
796570
3461002
1554508
1011632
3400686
4329649
3245768
1434789
1783426
1251532
4440656
974302
4120473
2915026
4714855
4297621
4253611
3099942
4661028
2429493
3949205
3054298
4539893
1739990
2000542
3966633
1877501
3438049
2978041
3330282
1144516
688990
2740218
4307816
4876884
1583141
2613960
291736
1623542
3263169
2629158
282620
2444398
539326
3041651
3429944
1942247
4129255
2278633
518189
1433340
2616068
1292081
4568171
4134489
1125818
780071
157935
3236893
4519540
241876
1400184
2833699
2657504
3944758
87657
1472912
1889723
4055126
1969703
4974481
2493491
155939
4925622
748849
1714103
2442533
4064975
1753025
2685052
3821131
1172985
1753119
2653295
32720
1241972
2990798
3695861
172812
4197761
4958564
693657
542057
4456068
1715943
2045058
759896
552792
1016780
4094939
856099
1963716
2427403
37624
10595
1948266
2134576
3129493
2216157
2592699
4191402
137768
245643
4180420
3193775
3684770
2434502
4059388
4556919
3875859
3581349
685981
701800
2372609
4643228
354228
2933630
1461873
2193463
700708
611931
1650172
742623
4852598
3396267
4331895
4475320
1969722
2531724
1643693
2532749
2010728
300794
214997
2234683
930583
2466063
48455
4970138
1496454
2501510
3496694
2469021
2255947
1636346
1799273
12781
18001
1698848
4025852
959437
3999015
2858839
585642
4697330
1831803
2281397
1221964
3033172
4713801
2665655
1491797
1704570
1371951
357777
3355967
4084152
1575485
173891
3444197
4316084
1700693
3044839
767438
108553
418309
3438014
3437614
12572
2516557
1279041
4017004
874093
2152214
4660163
2857307
1218498
4910568
278855
2722546
2847498
1477908
1838990
3084034
3598813
2401963
3170778
4185457
3444140
4385075
2127970
3353830
1586669
3259760
3321922
4631691
2086011
4375881
3750256
3125047
11915
15600
860185
4430417
4051728
723568
3676436
554936
1299391
765096
4158360
4864584
2371696
1194231
3421760
4576189
4398756
2902180
4613933
4667924
3647535
886832
1249411
3456566
2571111
2616351
744579
385172
3962673
2501629
3125486
3125113
11942
15601
2943525
4222427
294418
2804333
3842747
2413093
2574106
638984
2105644
3187726
3745883
350741
557115
3481991
1351217
2583769
4095943
4477347
4443514
3357340
3016028
3941193
1355769
3557415
1169128
1184151
3233701
4168317
3437984
3437599
12751
16309
28642
1309605
4505606
103979
2444116
3611489
1128141
4711913
1815248
1874823
4784549
525059
2136294
2294028
46938
3499383
2255794
175119
768598
4601942
4696660
2062864
3327817
4607472
2032878
4342158
2712206
3751421
3750400
3125083
12450
15352
2527084
4222562
2859381
1765804
309459
4005159
2398187
4976142
734844
1732167
4850861
2971813
680543
2600214
2375496
377409
2082656
274094
2167686
2117132
3014569
2365550
75036
4987538
4140735
3676410
1149841
3126409
4375401
2187583
12500
2515682
860601
1097074
1105050
582074
4677669
1686650
2337251
3457763
871666
4798912
646330
2594537
4647844
1224297
1350319
3041675
3322854
3778409
1362432
1924292
2488569
1427734
4142839
1613851
2885966
758052
1774275
1251245
1875358
4687581
13511
2516917
862576
4021309
2816718
3911030
3008591
2097763
4951901
54195
703290
3707603
3941616
2573597
2565677
548822
3862373
492658
2803040
4773365
323235
2476320
742314
364982
2129466
1858876
2896851
2849234
1670172
1042915
2812860
2500081
12342
16697
445163
2351153
1319369
2881347
3290845
4791021
3579886
2609052
637810
4942414
786151
3917174
4605321
3210602
2432585
3409351
786619
1299506
3653282
1949479
915952
247706
2003645
1441195
881135
1085543
3753969
209787
4062921
4375089
13253
17918
30813
2980223
1643197
1028101
593228
3598498
2569163
3793319
3782518
3347431
2425227
2079197
3836820
4921384
3112497
2708302
2014700
2096730
1121466
301437
2596903
781281
4944211
3019921
3558567
2282036
525775
2501856
938050
1562624
11490
14747
4608759
4012583
2455637
1879681
2217695
342444
595020
2026428
4533210
68583
1395124
2871851
1572932
2898310
3573569
2327901
2495598
1251866
2774789
1392155
1173980
3263686
3585785
2954397
3904738
4579269
1774895
2293068
1875380
312567
11674
2515889
26582
1512141
786889
811002
4318601
3180256
3669006
1667179
2235428
4485683
2356668
778070
2919499
3876327
3238496
2168375
4555213
278287
4930965
4969073
2773921
4392538
1329407
4283446
692339
3348907
1774598
2918053
312897
1562587
11355
15305
3777546
475526
4541420
1437778
3151450
3366510
140557
976193
4257286
1479315
2544817
2832525
1694851
4459826
3641004
1009279
2699682
3462064
3441265
869018
1953260
3014381
1524460
2969543
4148425
2975512
420944
2918202
4062940
3125094
12620
16563
862073
4434104
640853
4945928
2901402
789937
2298879
3980881
816452
932830
1687429
3411686
2912244
3265800
3103632
3536740
4482309
617373
3706170
2847764
1180827
369066
4067702
23245
4898685
1951948
3649054
4167831
625333
312561
11726
2515466
26782
3389951
3670289
895163
3329153
2550789
4989231
3526002
2218669
3776012
4130220
483252
4872351
2593176
1964229
4248748
1605830
1173180
1946564
2106198
4570973
1921172
3829147
4057408
1788487
1409772
3856846
417512
189
4062537
12539
2516972
1695262
266486
749885
1316130
322964
3392143
2978507
1148352
679234
2583279
4530238
4661493
2461914
716959
183547
4221071
373333
2563371
4583038
3997945
2254446
4277478
114702
1979944
1592567
493466
2815711
1667800
2500332
1562560
12089
16210
3777310
3598593
83014
4682844
102840
3285899
585566
1245844
3492979
3224332
4374638
2336782
2020514
3153451
4018926
3458077
4563499
489020
3951377
4245176
155235
2297457
2971002
799945
817467
1355811
2191236
2709676
1250352
4062581
13224
18026
1279371
2767701
1193854
1067188
1603561
2616494
1328566
4397610
2845841
2459573
1037229
4826219
2348372
4822962
88983
77904
4755909
3473501
72981
1174554
4640793
3439547
352103
1068821
131674
2842955
1045898
1876595
3750470
96
12462
2516598
2112125
1102331
219166
2066382
4777318
1798887
4053280
1652124
823647
1452034
4137528
3697681
2168528
3186759
1345454
4953978
2147020
4292184
2204535
297438
4273941
4647497
14359
4814063
4316505
413381
1046062
2918192
2500430
1250085
12359
15913
4194922
3394024
4719333
1189783
2949360
394112
4879411
278996
2268984
3971614
4689320
3992157
1596345
916567
4600827
1222087
4493185
4958492
3939876
3255704
489657
4021632
3323234
2864664
977636
2882748
628032
626008
4375298
625055
11437
2515267
2110776
3808176
4877050
3088354
759372
3854917
2573559
141679
3581252
577985
581972
1549561
2767848
4196092
3204348
1864071
2652049
1896685
227791
3952538
1698534
2075086
371785
4821852
860615
980568
1565832
2709461
1250316
937558
12919
17608
2530287
61984
3936668
4790997
2205120
962858
1794677
1783819
1485146
2055134
4211067
967196
1090579
735620
480740
3898657
2629650
752715
1279497
4170639
4222702
1764827
3526812
1839076
2174200
1842530
4170475
626351
3750395
1875084
11776
2515378
2526114
679141
2908972
365670
1002335
1689196
2196158
1567450
469356
2923805
4340334
347301
2457296
4369729
2067393
3412645
942652
3159755
2606306
1681008
654784
4484360
2570966
2270872
3656451
1966633
211996
2501374
2500410
1250083
13333
17780
862845
4642540
4561382
3253650
1908424
1378237
4070785
2676240
437665
3693724
3706149
2828384
3571563
3501528
3539116
3780772
3581299
2574058
614787
2481173
1911574
291532
1980957
484467
744808
656061
837718
1876626
4687999
2500109
12121
2515526
2109028
886842
4373621
1179291
53239
3095210
1521683
1711946
4057607
4913104
2195055
2631103
2541452
1736078
178234
3709405
3613088
2849721
1430217
1198788
1438214
1398385
3141240
583502
3336079
721749
4585788
2917443
3437668
1875032
13178
2516978
2529965
1938620
363291
1434815
309173
2955736
3905720
3049230
3179560
2832135
2315410
2585424
440113
2152395
3302254
2357679
362447
1026801
3378765
2425534
2141031
2794244
3949732
4486834
2522780
4815036
2087148
1459631
625346
64
13051
16431
4195189
1309974
4089610
2813300
2189648
1822269
3234398
3112850
3091484
734252
497597
98835
2017295
545948
2502195
3601736
1654785
852907
2518957
3016923
1165611
4138848
1351456
2518960
3559088
2910469
1044941
2292838
625343
71
12494
2516783
28349
3184878
1653197
1756680
220920
1017811
1239908
3238715
4524263
1879650
1668898
3251662
4681886
2586643
714805
4935706
4418093
2875760
4453108
993428
3701498
2045007
1353069
503516
3990123
55463
1252533
4167454
312674
4375033
4741671
4420495
2576859
922636
3118064
2845352
988420
3147080
4703513
1573664
4617962
285496
4830543
3690245
2818018
1897364
179823
144813
1494440
3175555
1226908
4487950
1905241
1830365
2340838
3259839
2528483
3821810
4018189
2331405
4805943
3917935
4226148
1814455
1973353
1585670
970302
4493920
697414
2040516
1078954
2580573
3806511
1586163
4121197
3134374
1482116
2379130
2750733
4191173
3409544
1315350
3929080
510268
4053901
1640745
3158690
4498850
1299870
3962204
18751
2978584
3324717
2773943
3947646
2958060
3382413
3327433
81252
3083066
4324425
237764
3015043
3873995
3945052
2539628
4958694
1404292
461013
2265474
4496122
2452861
3161964
1337351
3270352
2575189
398366
1549768
48063
118949
1219165
4762260
4563912
392402
3310672
85671
1704212
2836855
2846059
3037140
3026396
1400681
2458268
4933295
4286372
2291212
4120186
4557947
3501804
2479157
4978621
4723213
4168156
2741104
4330652
2568192
175736
1584629
1980185
1092349
1397597
873045
385248
4124006
2836006
4189873
3840788
2699335
3283
5123
1261984
34797
423827
2669530
867657
2208805
885213
1503794
1281749
1526520
1225260
3716470
1873916
36995
4760460
251026
3338032
476777
4893557
511444
726016
1621980
3088551
4596406
585669
4940364
4896643
4375213
937546
312508
3081
4740
844677
866015
2520959
4908237
1896455
1590239
3426812
1597572
628120
3030760
3455772
1704468
2155818
1212020
3811934
3963484
3552571
3672015
395488
1489521
2239853
4412357
2900258
3108489
667506
3405159
4688175
1041837
4375044
937508
3044
4159
426211
1068735
546224
4996983
4941379
2258743
2685344
2036526
2006779
825221
3578286
2967381
4378158
1378670
4738777
356804
4108265
4676253
4601054
1903487
1236573
4621546
198385
2484289
4837471
3209604
354
88
3125026
4375013
3209
2504703
427444
864333
4231168
2343609
1227381
1127077
2695206
566344
397421
4194865
3549262
234027
3510264
4396222
1390637
1910418
1367313
4210604
3404617
2870101
3927947
4813575
1475701
3163476
3928800
4591849
521271
4166782
1562527
937505
3339
5080
2511852
3784032
642418
4741035
2439804
3220544
2734430
923645
2880848
1932178
4494991
3340608
2759910
2168670
1498293
768405
2957291
1755418
883792
1886083
1311284
345733
4561002
1655771
4722633
3884192
3646470
416823
3437542
2187510
3298
2504977
1261565
1699336
3902464
3788435
4848067
2248719
4090304
4538983
2608039
3935207
898209
4966198
4781253
4622372
4961334
1929798
696114
4215302
4020727
2714774
2853822
4822436
1598499
3651706
3851266
4552046
1146803
416915
937559
4687520
3269
2504996
2094888
1491346
4236605
275851
2904589
3237468
3527679
3947581
703306
418767
1924586
2641188
134361
4225174
4964265
909225
2908738
1015298
3043719
2210473
3821955
2202845
739758
696729
2680722
3259121
3021449
4166826
312534
2187510
3131
4814
2511255
4198771
1151425
4530056
4965184
3406954
4884265
282063
1747676
475630
1516049
4136661
742450
3996863
2254711
1115144
3013705
2965183
2160971
4980446
1461697
1214934
1679895
2583272
2678654
3024534
1040
625264
312559
4375019
3493
5503
2095714
1494219
3328879
3389133
4668497
3798197
1293579
1852994
2970593
2888953
2412828
3824580
4937373
4358363
561941
746241
1786211
704651
1692481
2501749
1197591
1029083
2068655
943753
3079673
1037905
3125902
3958573
2812556
1250012
3400
2505001
1261593
3782806
2645774
2204298
2873278
1881556
1188740
417719
4581269
912609
4575521
3526113
2249112
2717241
1252104
477830
3251019
783864
64915
4600162
1168446
743343
1440059
1140987
411558
724945
1875770
2083532
44
4375017
3471
2505339
4178674
2326102
310705
3454913
2958587
1177235
1636398
2927458
3977771
127334
3543094
2065064
40937
2958458
2816934
4171577
1096018
3897036
1113480
2973187
4305475
2069593
4756486
2010386
1324309
705100
1771891
833607
937563
4687522
3687
2505667
1263260
663343
3155427
4400588
2357371
1205907
3345304
3177518
3841507
2987082
4309762
4697001
3258698
512957
95489
3708715
3283216
1658762
2820092
1861025
1403453
4717718
421032
1022044
1436120
649718
1980268
3750287
1562566
4687521
3516
5245
2512273
1493416
908879
3274512
1854084
4492695
1756397
1720275
3413961
1934969
1847066
748745
3930533
1429137
2139182
1415673
3876056
4707083
271141
2585576
1156693
827991
2342375
2636274
4916536
536735
2604728
1458471
4062536
4062512
3131
2504680
2510891
448204
4830082
515890
3116161
859333
3595392
2179449
2044283
3712388
136079
126642
3581780
907441
2428072
1517786
1756363
4200227
757495
1897570
1714552
2417504
4267747
582339
2752399
2607081
1771660
625212
1562550
3437516
3347
5137
1678842
4826870
1438038
1737419
1654102
662019
4015949
167543
4467237
4678291
641771
2335037
2356987
4082274
546107
631411
2269343
4607098
859689
2472219
4821542
1598508
2234550
3670966
3028789
2092752
1979868
4166851
4062550
4687517
3316
2505021
11946
868447
2328046
2339421
4921574
679712
3374545
3778839
2175899
1257181
2785180
1063553
4135439
4217935
3170789
2999124
4826092
1787407
1903534
444203
2887885
982329
2015274
789531
1751954
2231923
4896620
1250198
312545
312508
3846
5981
2096870
1704910
4347698
1453923
2513153
1138697
83396
2653491
2830267
2614209
4573231
362034
579425
2003532
4236510
3589676
3936523
4368652
3726540
1742229
1018383
747127
2434057
3723217
2038608
4496432
2500957
3958584
937556
625011
3516
2505321
1678909
3160121
2999471
3915129
378678
2978463
3889432
1962182
2356640
1888531
2167033
2591723
4216012
4233475
3818095
3069944
1220432
4760679
1166549
2125021
1144008
382664
32359
4798076
258585
572081
417409
1666856
625043
2500012
2829
2504158
4592825
4818449
1170691
1003724
3798313
1047084
4024070
1607786
3006394
3799529
1807092
741028
2180034
1821765
3314494
4040717
667173
1665074
1879705
1167574
2242833
4404148
3659493
1248474
1666306
418671
521398
2500145
1875034
4687515
3295
2505061
844926
449694
2083308
3077776
3806937
678775
4870557
699653
993202
594962
4809977
1781259
2425263
194462
3274858
4396521
4781686
4038418
639450
2628652
4919018
1547349
2937043
4646385
3488256
3134786
1979975
1666875
1562549
1562512
3599
2505534
13003
1495547
714050
3152648
4224196
3765984
3430169
4233208
924377
1461252
3880075
3238695
2392546
4959677
2535868
4220877
176717
823690
2310013
1774103
3298157
3776233
2281588
1484686
2856289
1836113
209112
3125203
43
3750015
3590
5069
3344903
3990559
4823101
262756
4488303
805913
1956035
4653318
4325201
2102947
1666904
851456
985690
1365078
2962297
1768973
2874018
4018611
4911427
907185
3959174
2015958
4465348
2618112
4618456
4668974
3542325
2500173
625039
3125014
3146
4816
4594403
447865
1377119
2192999
2175500
4563734
708203
839801
3818353
2668552
2729803
1694499
4071800
1442310
988751
129785
2050108
743883
3953230
3706662
168882
2848217
323228
4054459
523164
3336213
2084148
1875209
3750055
2500013
2990
2504552
843807
863797
2661126
4636730
1066369
1374117
4693997
893427
1853364
2441214
1107541
1422457
2787408
150756
208106
3821107
821049
1648171
201500
2067650
1966340
415443
3729206
1407443
3485505
4564438
313040
3125141
3437537
312505
2902
4378
1260154
4195881
2545518
1567572
3009429
3248568
108123
1138197
2076393
604603
1842301
4067283
68288
2873599
1719869
236360
3659789
3697827
4653377
3588554
1853510
2969561
2464441
1512932
3653554
4037118
521507
2083508
2187544
4062515
2953
2504327
1676522
444545
4603957
3259853
3783096
1894977
4787481
2083739
4329983
4343079
4762551
1473358
3294276
3201454
1861009
978520
4142675
2299277
3721799
1263033
2819786
4509959
819256
1330936
4693786
376907
2188036
625133
1250032
937506
3830
5559
1678787
2117384
947031
1869003
3749265
3770709
4159491
2445087
2113848
1118790
1496656
4841078
4641915
733429
1596510
188734
1563214
4787165
1113173
2722761
3170449
4885418
1294430
2580482
4065035
3245999
417496
2708551
312548
3750016
3458
2504772
1677406
3571930
624753
4520499
4653768
1851748
4588378
766365
4592115
314940
2562925
97570
4889016
424769
4979816
2263993
2374252
3133881
4180875
3744702
2919398
118715
3116579
4412503
3549856
3085869
4375722
2500185
2500046
3750015
3455
2505107
2511551
4616101
4006404
1306847
3116975
1083362
4534337
4724739
4264458
48776
3471264
1367694
2587161
927356
2986033
4434543
789037
2651500
4068243
1393836
4643626
1938529
900472
101578
2554078
821121
1771308
4791795
625027
3437512
3220
2504612
3343547
237255
2530802
1954563
2907753
4023434
1066232
3107680
2773833
2803963
3206699
2289539
4936935
3335603
4486852
1704190
3729915
4273650
3577201
1821225
3697328
1242738
4154307
1068381
4136300
4772155
3229538
88
1562524
3437510
3466
5415
1679109
451955
680896
1855949
4213127
554383
3811321
114461
46833
1447200
865485
4963546
4249174
1695442
2533659
74947
2196919
154995
739165
2059210
3274433
4613919
1773020
4888441
1461695
1142081
4480071
1458565
625053
312509
3543
5503
2512302
243717
3396313
556344
4659230
1123540
3920689
1452289
4585485
4610309
3868581
453009
3168642
2814869
2148714
1110374
4003803
1713837
2214542
561865
403608
4732833
2811008
1861032
1014737
3662085
2813159
3958506
4687544
937507
3404
5283
4178812
4201187
2879725
3453185
4894887
3255499
1357044
1757030
4538128
312074
3717243
1286022
1847541
1789892
3692257
1364936
794769
1741139
1063572
2658952
4632438
965399
2847752
104903
4406565
2038057
1771775
2083580
312553
3437517
3424
2505172
429094
3994082
4501823
2192871
3422358
1056541
1765113
4015364
1554489
144766
3118209
4752495
258661
3790380
2745013
1334202
184730
4110042
30378
2791506
2764140
3664684
2861323
2535520
2893438
447985
3646839
3541925
3750065
937511
2809
4360
843472
237381
1718944
4805142
2032235
988516
490899
4562495
433947
3004422
2046348
391713
1967235
1243871
608858
4614486
3260898
1908017
1240828
2069273
181071
4861118
3067314
1312711
4977682
3057177
3542119
1458445
22
2500008
3684
2505604
2512940
4203267
4003930
4822544
799458
1030499
4205886
2735415
1305475
1825849
4589462
3761276
992459
1748929
4834300
3906053
2534824
1251562
597777
639779
1282243
3299037
3148507
1067488
2478394
2073548
1146996
2291970
1250070
937514
3348
2504995
2094825
1283631
3705235
415799
916628
1311244
1682683
3350164
1318269
1278794
3679727
1748783
1057234
1771214
3203878
2724208
636574
2285831
12017
1306676
1791017
928672
2186126
2762090
1457934
3585355
4896410
3125150
625032
3437513
3370
2504721
4177389
1280008
775946
3979670
3483831
3435623
1951874
1586032
507138
2405170
1529410
184038
438201
4386466
3408014
4816804
1777525
3816258
1178096
1827969
4628728
1549178
3095487
4500745
4622184
1529010
2187845
1666753
2500023
2187507
3072
2504436
1677538
3573338
2838262
4944217
2408682
1992831
3060640
273507
4774583
427068
477098
4375088
2172757
2334446
2949753
4854110
4105964
2430468
1203225
2067481
3146798
3649089
3124680
921502
1099104
2086043
729930
3125197
3125049
1562510
3219
2504569
1676651
3777551
2108739
2035995
1634519
885397
4912935
3277222
1828850
2846051
151798
4650516
1431066
3120637
367286
2613732
433447
1529017
1104147
3716160
1205696
3566332
635951
3710066
455064
2494163
3854483
2083415
937516
4687513
3381
5231
4179425
662219
4111174
394418
1666829
58136
1972053
274841
4077187
4902921
148404
4306709
4233896
1544956
3998590
4427891
695578
204665
1266603
411986
818269
430785
2181741
1824647
3324023
1691092
4688527
261
2187562
4687521
3269
4884
4594541
1489996
3052820
1566146
1513670
1699731
4227034
1059346
2148096
3355312
4744143
2875206
1041284
2748133
2086690
680848
3123743
3535025
1183652
2327303
3401816
1766870
3111387
2529469
2771714
64923
2709025
1250175
4687549
3750015
3760
5533
846156
2953018
2828243
2716957
3553737
4596230
4321676
382505
2357546
4632924
1033944
3625281
1369666
4090912
85203
692992
983994
2687537
4854089
481229
3538032
4842994
4490386
556387
660080
1731371
417284
2500158
4687541
1875009
3117
4601
427314
4404556
1698007
275643
139993
1197422
3302592
1486264
658816
4645506
4203109
1928821
4599241
4306076
2781792
405861
1308764
4718357
4573879
4224999
3420437
3712726
1679839
3140716
4279554
3079103
3021607
3333534
3437552
1562511
3101
2505113
2511827
1701228
2145426
1662059
695876
3855635
2705201
1789275
4514091
2269357
1637565
4714382
4857645
3940183
1237214
379778
3186580
3761475
975297
2530303
483496
4510949
3175731
4745643
3133860
1245786
2084102
833530
3437549
4375017
3241
5151
428537
2951018
2387913
188541
2021977
436288
88039
1122391
4160446
955849
2993376
185730
914789
4711453
2039168
2863419
1725206
1045143
2233517
3745826
2335978
1382950
4002748
1350763
3725396
239257
1146723
3541900
3125058
937511
3080
2504533
1260482
3572110
1959605
4032492
2755252
2540088
4434997
3439847
2306326
2748290
3239348
2928769
1292094
2600668
23050
665553
3743135
4262168
3852008
4068968
4614461
2468021
2137088
4800896
3085245
1308307
3854950
3333538
2500050
1562511
3226
2504668
427465
1697913
2322691
1639116
78823
3266188
4269492
3760681
4416946
3606841
2287470
4658114
3197930
2373938
2390134
3873014
3115815
4179833
144139
1062040
667578
696453
2336856
2053231
3337169
1459470
1875313
3125083
15
1875006
3125
2504643
3344344
1698862
4811695
3682864
2094571
4540250
3555531
1884666
2613659
1848181
4024449
4114875
2819451
207614
1748467
934519
3135898
2173107
1175719
4044758
2993890
1482391
1920881
2796989
1291934
2682719
1979770
208482
2500035
2187509
3186
4555
4176574
2318833
1718884
2939187
3279434
985353
3026542
2455514
1579323
3707141
1204120
3174867
4898344
3650889
4730942
3716310
4307377
1466191
3507910
1437658
1189041
2990052
3374367
2508639
3294312
4218299
1563358
2916894
312551
312510
3514
2505104
845317
868063
4832729
3942673
3229844
2374243
4493454
385253
2558402
2625057
2461609
3078185
1492646
89337
3767347
2917970
212786
810180
812949
2422668
459002
288955
3469694
1568054
4601278
1417837
2083657
3750082
2500020
3125008
3105
2504640
4177299
4613500
2486025
1112256
475191
1412634
2373957
36970
4212037
4829543
4754068
3528807
4217519
3639746
1835001
2118610
400674
1629412
2597305
3947652
1062857
1410987
3027430
1025765
2905723
4558669
1771721
1458563
51
2812516
3611
5378
845889
3368920
3965427
1554783
4272746
4245727
4587416
4667178
4803384
4511181
4339795
1536438
3336218
4584573
940993
4495063
513767
2730767
272518
2503419
2758737
210519
4768662
2275960
4239803
1093576
2605104
4166912
312553
312510
3204
2505059
11679
241865
2509292
1336743
1486019
669282
2630159
123285
924743
4888720
1395399
4098934
844775
960282
1239825
3826509
2377167
4963405
1956157
1965392
1195006
3358317
2491634
3881576
1383582
1822072
2917410
4791861
4375049
2500012
3454
2505073
4594895
3157716
1443936
2287560
2527126
146595
49858
1998335
2709203
3451562
3810755
3832451
1384550
4519796
4916595
4843995
2888447
2355262
75134
958153
3505061
2690460
786552
1784968
3517482
329648
2188425
833567
3437560
4687519
3171
4827
4594403
448672
699939
2194589
683185
4582521
538641
4510967
1370839
4672698
368619
2909585
633463
2009163
2211958
2071198
4444359
4765592
4706874
4751577
2357386
1965855
4894972
114428
2905961
1739288
1980072
4791909
3125059
4687520
3549
2505191
2512335
2953021
1240731
4977910
3666304
4079302
2226228
3665705
570714
1789552
4391087
3542563
4268485
3101972
1606508
311506
1318480
870089
3357718
3160038
1220284
3085331
1695040
4399668
4642907
3503397
2605129
4375254
625054
1562513
3728
5562
430127
2747941
2513409
1554318
917652
3082091
476130
1434968
3722158
2746003
3188685
3862700
2792574
2933020
4230565
268098
3170481
2752473
751941
1068221
4721359
4173911
983968
411528
254933
2573124
2813539
1666934
3750067
4687520
3396
2504711
4177172
1279532
1697893
3334567
4609421
3651023
4208424
2517544
4684486
3089930
3183776
4636489
670764
3430037
4190766
2304402
3475963
1758772
2349872
4686441
72127
2601502
2033754
2101402
4977691
2216967
1250478
4166794
2812534
1250007
3587
2505634
2512807
4411264
2828809
4470816
3793439
1650897
3830140
3918624
3091955
2225568
3726913
1112614
1945154
4018751
1360929
121063
299028
724812
3562194
2213298
285440
82954
3236047
2679379
4442331
1149518
3959388
4375277
4062569
1250014
1530784
137025
3308140
349080
4636406
550727
2076779
3341035
3865529
434289
934330
1801760
4054876
2272959
4649984
3112635
3126450
228575
325466
214292
3075631
1565731
334309
570262
4934894
2099715
2424788
3382592
3739050
36538
2657942
4219740
3778387
140402
3940164
2776044
3417196
4381630
3502577
3150180
345858
4478795
684949
63983
3580868
1755180
900187
3682282
3626989
3215404
3069150
4670507
1564150
1786375
3107767
3329100
286850
1785676
1749089
1081404
3850534
4945242
4827164
649809
1424804
4057332
1457573
3492019
313767
4105743
1923733
606276
3932365
3775640
4357451
2727510
2789661
2630409
597552
3048087
541150
3856507
1042909
1720492
1803013
928761
299619
4833271
1757665
658780
3286062
1771562
4840792
4998800
1896897
1569508
1796481
4169361
506768
4306667
3296936
4758385
183814
1554917
3313349
44675
1188667
1487545
316116
1592585
2478047
1105282
4100219
4040234
3395200
271986
3346209
2410003
4960652
3547493
4875587
4966762
2344487
268281
719982
2620630
2358919
4300093
299
2500471
2084323
3960948
4902617
2196502
334512
3949793
882811
4525099
2198037
1352844
2219443
4528868
4341215
807467
437877
295928
1914711
2649495
4594807
94280
2687422
63299
2813120
2979880
299691
4701743
3437606
1458362
937508
2187506
301
2500470
1667813
4378376
2356721
1252673
1215277
469970
3481238
3746911
2002806
1371309
1196519
544610
4902562
1103469
1765903
4363316
155586
3422779
4628816
2006413
4982426
3301655
3988546
4556916
1424897
4597633
2187618
2083367
2500012
2187506
355
513
3751252
4170289
982329
1024795
3502286
2507972
3920025
871860
4306666
2346103
2116905
3661292
1252814
400283
2555090
1794853
1113999
887349
4369072
3434782
1108137
1365731
748774
2313327
2584437
264232
2708436
2708364
625007
1
345
2500509
4167874
1670152
1947207
1169493
1710070
543433
2433955
1020141
2112398
4154195
409487
1578896
1371724
878247
1866881
1394328
4117796
1771684
2413503
1547050
3582853
4574271
2974476
1496669
4417943
4646239
1875116
3750037
1562510
3125008
281
2500420
2084243
1877537
1486175
1405917
1480498
1124818
1511264
1487825
4786291
2213860
4271689
2695137
3159316
4775998
1644584
3254880
1867743
2231303
3149232
2065903
4613871
2639845
2513719
2696203
49228
4146036
1354224
14
312504
1562504
272
423
2500983
1461158
3181386
3699130
542986
2455573
2269615
4535083
2117290
1208910
2626033
3319705
68827
3960138
2318469
2116775
472553
4411208
3023955
2679309
3116495
4270625
4377801
4848270
1312847
479270
312529
7
312502
2187505
291
418
3334288
3335983
1854382
3405841
4872906
4623286
4805222
1777598
1536405
1538436
2601323
3237052
3874168
2201128
1978222
4797560
4764061
1920158
3844944
4827089
253459
3612049
1900331
4417433
4403021
1041733
2291689
3750012
2500006
0
299
455
4167751
211550
675761
216862
3811988
4104439
929810
3763437
242507
1327134
1144171
3501375
1324542
38214
211275
4212102
4292630
3709266
281735
4679516
1587410
3788025
3814395
2547850
1792180
222373
3958383
208344
1875006
1250003
321
2500497
3334438
3961497
182292
1923901
1045087
1443896
3817732
1506777
4409713
4850034
1958078
1238588
4150274
2487745
1643741
4959175
3219725
4598340
1576519
497749
81080
407952
3494471
4007932
2799778
2618427
1562607
2083365
937508
2187506
251
365
4584266
1669427
3570321
3852555
4916058
472778
3635764
3160903
2372311
2413396
2633976
614527
2762104
4508988
4090723
750454
2525832
1934575
9868
3745204
799832
2093407
1670827
3307102
2396348
4229326
4687551
10
4062511
2187505
312
480
3334493
1253275
3113308
1022616
984497
884466
4046455
4806939
2439080
2597383
1109067
2002463
4880951
3325890
45234
4873290
4056645
3471523
3065472
140003
3923186
1134166
1084051
119618
2730520
118474
4270961
208364
1562510
2187506
347
2500496
834428
3063
175085
3492566
3658655
3236940
1881506
4382090
2622001
2100739
1024652
2526559
3752279
2937533
4265348
3724963
341228
4399650
1122464
2618043
4890041
2286667
1568438
2232803
667095
3861243
1041703
2916681
2500007
3125007
286
2500445
4167719
2919765
2515692
521514
629269
3842883
2094665
2737269
3825640
3854658
965690
4739079
1766426
2367879
819573
3336408
2109251
3902504
3519464
3760546
1683937
751070
4298196
4905351
2605076
521119
2812587
3750029
4687515
937503
305
473
3751150
2086778
2864007
4330010
487967
537641
2843560
898703
3351024
3767614
2620122
2338947
2954161
4276413
4324715
2623547
150575
518562
1220006
114074
2692282
2326642
990607
4855416
3327635
4493452
4479286
2083366
4062515
2187506
277
2500377
859
835784
4680244
3216956
2598841
2973195
3494878
3388560
4321789
2941527
4693355
1852892
1684052
3825670
2763538
2556571
3687088
1360733
3230935
1236688
820523
2797444
1216621
2257410
3916815
729206
1875014
4375012
2187505
0
338
2500529
834532
4795116
2356772
3030305
1589467
893471
2660576
4683531
2589835
41913
2990356
924032
3541063
3118074
869409
2389538
1314544
2610071
3255940
1687725
767425
3823543
821655
2272500
1826939
3916835
2395882
2500016
3125009
2187505
312
2500451
4167750
419687
591474
679083
2098469
332395
4816041
3120949
1392018
1676916
1466153
159446
2604655
1052022
3455977
1885721
3287945
3685143
2242943
1981142
3270756
4436945
2487066
797101
285824
1986462
4687609
4166701
1875010
4062510
347
563
834636
2086994
2912796
2503507
929402
438814
4791855
1063787
2049049
2933527
988995
4240989
1506560
3958312
524427
2571417
2090816
1753873
2584515
751797
907370
759479
1018623
4893930
4299557
611400
4895925
4166696
625006
4687511
360
562
3751259
2086854
1641445
224044
392268
1184514
1525933
275839
3789877
2178362
556463
1993753
3254714
414050
4062545
2199166
2465800
3597867
1446518
3612008
1600046
1437050
133099
916589
889664
2743300
1666738
833352
2812510
625002
261
370
4167538
4169110
3881628
1934
1991304
4930567
2435667
3055054
1834709
2123773
3649926
325923
2604431
1667408
1887862
4987216
2690379
2146934
2310627
2760989
408128
2592430
4330520
1986767
2444661
3958402
416684
2500009
1875005
0
283
429
895
1044122
2180303
807824
1432287
301792
3773681
1630567
2783976
4665418
858113
2076
2776922
3990147
28051
4440108
4134828
1140152
3255997
2260262
3499626
3918355
4298996
246407
465638
4757066
4270874
4791685
2812508
312501
314
2500467
1251013
1669484
2271468
2302831
373799
4717049
1110080
3499000
3129537
3335192
2517830
2365117
198523
2730925
2889713
213443
4856024
452389
4693493
2660643
1402154
2409662
2538512
1425010
979629
2875142
1562541
3750017
1875006
2187505
281
2500456
2917673
3544576
549786
3749223
87278
917898
3107043
1008063
245693
2092274
3776973
4960658
19248
873196
2558552
267671
152392
2588595
1078660
1801350
3135660
1711623
3420707
463088
3424457
2903042
2395911
416686
1875008
4687511
303
2500490
834481
1044996
4960581
751214
3163804
3392980
1626108
1225776
1121732
523760
1637455
4547402
3497617
4209705
3144455
3691359
4921276
2588920
4766445
2240568
4108519
3420569
4599570
1545778
4945073
3257142
2708393
3541688
937505
2500006
325
491
3334480
2711574
3745093
3153915
3243785
1975250
4705180
2472327
915704
2164399
1257599
4399908
1897471
1137632
4569792
2181947
3742560
4288465
3934075
3747520
980810
4653034
3844938
459689
4369362
4180972
4479292
4583373
7
2187506
377
600
3751381
4378985
2427711
1575353
2192826
1170803
3295365
4895099
2644283
504234
4003210
259028
29464
2799003
3494772
1415983
4623970
2256005
169984
3930714
4336833
703234
4485833
3398365
230022
3625267
1562576
18
3750012
1562504
241
2500368
1250877
3335965
1646353
3823891
1585117
1877324
3395749
1217067
4641917
1393394
938940
869660
1966373
1338252
3331363
1345989
4771319
3156699
3505634
2672917
2711786
744173
1605267
2848531
3639345
958473
4583382
625011
3125009
4375010
321
441
1251015
1461260
4271972
845704
361715
3588303
2059906
3613654
1128199
3252868
3578474
3972700
4108423
1458512
1591494
3677563
2004761
931338
3692162
4828053
1381045
3663276
1068500
220382
2187653
2555603
4270854
1458339
4375010
4062509
272
401
1667613
4586042
4431072
3427904
3805126
4411648
2488607
4878715
1189587
153388
3757270
4343663
2389772
278505
337474
2514341
1381064
122637
2274436
4209974
2881854
506483
889939
1176795
959466
1104527
4375111
4375036
2187511
3125008
344
528
3334596
3545241
4100052
3148486
2618824
1181662
3162643
575690
432869
4847774
4066868
517789
2962643
3214538
3647422
1264999
1734420
979718
2841494
2193528
58947
3542590
1583010
4770171
3076958
3409902
3229222
3958354
4687513
3437508
256
2500394
1667563
3752577
430736
3017194
3809069
1813342
951808
1419104
511297
2743573
2564920
2706201
4586162
1126719
2537121
2802223
3904717
2040596
4585140
11949
581095
3982109
1404929
644308
1965540
3076471
312521
833340
4062510
4062509
255
2500332
2084053
4585257
3762035
310499
1998880
4557519
1942008
3853643
228373
4889985
2565663
1816665
3625542
1534603
2329170
3889518
781406
4824029
1027698
1900834
94860
3138556
604939
3451664
2041754
520857
6
4375011
2187505
0
302
2500473
1064
3127999
2785919
1950051
2078008
2409263
264920
4185778
2506236
3543163
881053
1909428
3418133
1371703
2966847
288117
424997
1242241
4165413
2002180
2415366
1058961
3567753
137225
2403822
778103
3333432
416691
4375015
1875005
346
2500472
2084423
4169638
3709328
3747970
4314694
72191
3347982
3825173
4915055
515736
2286172
3044658
2851092
2349145
1770381
2435921
4155422
859552
498341
779966
2222263
4972697
246115
1531224
4264270
3548728
2500036
2916680
1562505
3125007
301
505
3334459
3336637
2064893
1537013
3383019
274125
4268257
642025
4561496
3891100
550427
1508437
678393
3219389
2764210
4883406
1149693
4322938
4680488
655680
2093862
1712903
1549729
3003176
2126118
375351
99
1875030
625007
3125008
325
2500506
2917823
4169911
4272698
4757260
3007524
295902
1865304
4502028
757452
2131955
1206196
4397117
1842720
2151987
733363
266048
4351936
618887
1597428
2664157
470394
965879
4081330
641694
4181535
2750305
208418
1250024
3750013
3750009
354
2500545
2501270
2086911
3718186
4982339
967989
1420818
839014
323483
1544626
583616
7127
2766192
3295150
310053
3119956
2430312
1907387
69541
2219422
2363078
2447603
445252
3638057
4308866
56714
3917038
833438
2500032
1875010
3125008
263
363
1667580
211076
3257698
4990781
3904334
1630210
66684
100109
1156042
4504317
3955757
2821932
2096904
2573882
3956690
3423346
1954181
3807789
1778692
3195569
347223
1457667
4899696
4042211
4402954
2291718
1041681
625004
2500006
0
230
327
4167429
2710584
3978508
3049860
4408734
1091504
4966177
4296978
321290
3696120
3408567
1102077
512643
1982429
3519412
3530895
3938069
4071272
3311607
2458806
4214096
3320808
1677214
4721321
4674109
2889047
2812549
2083349
4375012
3437508
275
2500371
4584238
3544282
2041997
4969024
3900718
1750127
2563417
206416
1157885
878105
1110299
3529874
1309025
736348
4904061
110469
4838555
2084201
3049081
3987803
4592334
4894143
3648643
1639528
1181604
1618389
416761
208358
4687516
1
237
2500373
3334128
1877169
4228113
1423885
1171044
3538969
2201906
4618958
3953227
2018433
4027737
4403094
1763987
780648
291053
2170550
2452396
4563748
1196721
933795
2437500
4737888
1732869
4545399
2410206
4652933
1562544
4166686
3125009
312501
338
2500503
4167817
2086568
1064428
4056156
1468876
2780905
1801869
4986422
3973158
3516531
3278944
1779217
1075329
1773829
4279500
987169
684330
606445
708821
332191
195491
1364479
615292
1389117
1230057
3639174
2395917
2083358
2500010
2812507
280
2500464
2501063
1044799
4231080
327402
23552
3091978
1515805
385999
3114067
2815555
1436970
4951495
1536773
2080834
3644417
4745086
2720359
3845308
805246
2078026
3876512
4511686
1942290
81484
4778762
569750
2708425
1041691
5
1875005
327
2500539
4584616
837120
1434337
3755628
438634
41777
4667208
4739195
4829625
2957719
4922082
3594014
690985
4028014
1523102
3625092
1385531
3963383
111011
1201522
1873589
184510
2786659
569625
1723075
1909985
2291744
2083356
2812510
625002
295
2500449
2084375
1461309
4952689
4443641
924501
3975562
3541304
2693328
4937622
4826490
948901
1865655
361292
2252455
4676393
4063740
4791403
828031
1772891
4444571
2364036
1421044
289146
4098493
3827659
1264288
3229286
2083367
625008
2187506
321
2500535
4584557
2086838
2370826
4051314
2544803
2637001
2184871
4004798
1498021
497775
286879
3248499
1813305
1422621
1706047
4512
2156780
3690230
93681
1093574
843533
2312039
2453699
4575804
4833914
639059
1458383
1458348
1250005
1250003
239
2500350
4584089
3960418
1026500
1381612
2780542
921802
2636622
3812104
1514161
755778
4215658
935963
4807620
3275302
3745545
3509196
4585039
440450
2818791
4083392
2982050
2695245
1582175
62880
1722337
4270872
1458344
2500007
4062509
0
313
2500475
3334390
4377932
28840
4949903
536249
3745210
1398233
3209974
4407933
2960428
2068323
3768995
2806458
4492220
1176880
375254
186573
4395080
2230129
430709
3799165
4542517
344385
382150
3896728
1035002
2395917
3958362
4687515
2812507
330
2500502
2084415
836434
1452970
3097155
3546816
2684033
3209002
4587413
495680
2048223
2296204
3360745
2916526
2498758
4500166
1248308
2864121
3822379
1265862
4105835
1656819
173691
3311328
2533254
2133051
2611461
2395936
2291697
4375015
4062510
373
2500574
2084633
4795285
1662514
613400
1291060
284352
1702854
1310274
3480752
2793097
3401745
3832023
4350626
2423556
3431467
4143739
2129030
3783268
2108090
1941690
221729
967798
4437918
2175554
4257622
3208546
3854233
3750023
3125010
1562504
327
2500502
2917836
2086625
4071607
126342
4132887
1074582
3891132
3474740
4685834
518574
1079316
3954167
3321939
3056591
2099119
4746507
2586049
1864748
1629486
1702879
3161072
2575973
2105166
231271
3736824
2521049
416726
1250017
937505
4375010
291
2500445
2084300
3336043
4826793
1066013
2431535
964118
1748265
4513875
774075
3791284
2351245
1523029
2494087
2412684
1361329
2760949
3140121
509771
2703519
3402074
2492836
4603732
4138349
1924286
3534959
1833407
520854
5
1
2187505
253
2500362
833
835690
2937021
3980797
3979304
2682735
3126862
4155274
2259362
4621571
1646801
4453797
3481200
1969569
1023263
1035010
3521022
3986305
3579235
4622433
4686004
1262473
1935110
4831842
2534991
55632
4479197
833340
1
4062509
329
2500488
1057
211299
3209341
4018607
1699814
50814
10726
2032662
2269956
610795
1016976
3694006
1992394
4310906
1897708
2132626
3275249
4481117
501055
2900107
3359119
4530877
4526417
3482722
4521260
1007073
1354205
1041678
4687512
312501
262
2500352
2917445
1877254
360412
3910740
4380123
1582240
2717829
682593
2755624
1117881
2218747
4127013
4704778
3023443
511515
3938616
1599862
3280764
4496114
3320813
3502393
1416320
2745881
2540438
2986489
4284845
1875036
833343
2812508
1250003
298
505
2917842
2711673
4662032
1779612
1171323
418270
3798636
4170363
130265
968982
533908
2388990
3050252
652178
1144666
1983928
1408028
4839850
4026432
4015616
3059160
4629660
224443
2667978
4674900
14291
4687624
208363
1875011
2187506
241
2500368
834174
627499
507020
558755
1086834
3491847
4311422
228988
4027635
3872003
1237544
1890868
434834
4672576
1808503
3263994
4884322
4716498
4461374
593820
1292808
4157314
721449
2945908
4569947
2625155
4791719
625012
2
4375010
338
490
1667846
2503454
1349901
1620443
3242931
1155409
3311621
1807482
4668765
427372
4050900
3171669
857226
986107
2106419
2487406
1390598
3366173
4039199
3820229
3640008
2168626
4497987
213884
3618354
2659810
1354192
3958347
2812507
4062509
300
421
834344
1044586
730251
2630585
2648044
4212733
1438473
102657
4709853
2985653
4084465
345365
3980470
2213184
1535681
406727
4592755
805752
542664
3474373
1796031
110195
3607407
4992886
1542404
555783
1458400
3333357
4375013
625002
360
516
1667832
1461547
737730
3263076
3917950
3525592
73133
2195206
473823
2420536
3084702
3742144
1538615
1033034
3502313
3426599
1466478
2698542
3710564
41419
4084184
2755791
2387993
377836
1402953
215330
3333355
416671
4687511
3125007
316
499
3751273
3545510
4073442
3200675
722542
3827585
313258
2790163
2266222
654122
1220322
2497283
1421578
2448662
2147282
3530906
3989527
396888
4800578
4798325
752002
1051985
81184
1806886
3181820
4118452
416777
4583371
4062515
1
273
429
919
1252607
687740
1684128
791762
2611283
3107529
4339919
433997
2872087
833012
215382
645814
1373430
3717731
770253
1223485
3467223
3352304
4448695
877333
3875308
517855
2908892
2528275
430703
3125047
3958352
2
1250003
322
493
1251159
1878437
3940211
3752542
819682
1526599
3463986
4501722
1490538
2949055
3758721
4386605
1204873
1243388
4111634
671698
3570767
2725833
2389541
803937
2150333
2031632
2391177
2624452
2729778
389075
4270895
2708352
3
3437508
328
506
2917851
4586709
2328699
4987662
2114502
1266524
4295056
2288259
1059064
3794919
880408
4698709
1884124
2048474
1834763
4306640
3620318
4348788
551013
4410950
1809625
2886525
2089444
2952796
1924081
583472
729206
1875013
2
2187505
270
2500396
1250869
2335
4902001
3708796
2955217
642854
679100
638288
378046
4198906
3401075
805019
1982746
1716073
2334689
3842575
2924021
4688600
2878560
4064740
369436
2968948
3326568
2172222
3854480
1826482
520859
2708345
312502
4062509
249
2500395
2917620
1461109
2681320
2338349
4503827
1872160
4729065
2688039
2304738
4512868
1554946
1859402
1286676
2505475
2784696
3391048
1917811
2493227
230060
2705187
4799041
1018839
1524494
2826328
1438258
909951
4270906
4583359
2187508
3437508
330
2500489
834498
1045024
120403
1272445
4366600
4906210
4994019
4826464
3642885
1016770
852238
4933464
2745615
3240263
2430626
1218172
2787015
2155932
337558
4011450
4439097
4556723
3370134
4404445
3347792
541838
1458384
3750020
2500008
4375010
243
350
769
1043847
1985199
3764645
54092
680173
1426537
4280934
1448820
739011
4920756
2621447
1709458
1397965
3809212
2788577
4172814
2559714
2735301
1360448
3242122
1305594
392823
1881133
4715800
4034888
4687554
3333352
2187507
3437508
284
2500423
3334305
2711142
750877
2595337
375287
1715941
3041250
2696096
527599
681110
1360828
2827360
1500666
1828998
4098381
2105350
1792505
192202
1274559
1492692
2779974
251364
3709392
91487
1889278
1562612
208363
1875011
2187506
0
373
562
1251224
2711786
3773409
4064875
1359816
2616862
1718816
383265
962415
3575459
3934014
1938310
2713303
4727448
4225248
2991023
1223183
3389425
2767680
401937
1242573
3539349
1360867
1285915
1217
4847610
833441
208361
6
1
310
429
1052
3128142
2772765
4271708
3874677
640736
1802698
1918762
2238044
2000649
376837
1348628
3934089
1919138
1179745
1974281
4572288
3224626
3706823
1965770
4340334
3535220
500549
3214969
389581
4097445
416728
1458352
1250006
625002
361
2500544
834539
4378454
3801167
627204
3190185
1561842
3520582
1763045
3975062
2082042
2862951
1492820
3439636
1517271
3342080
3287514
3933757
1819000
3839320
1482760
1996484
3922298
1822060
2293114
3633272
2514307
937619
3958372
1875011
2187506
311
2500475
1251104
1669849
1932331
3396046
1364012
1076473
2595990
2766501
3036443
441421
2616947
2499392
4465231
4916368
3217966
98767
3605379
2681767
1791169
1824905
906140
3797468
3886245
4738730
2202316
729459
1145919
3125028
937507
937503
262
2500387
4167579
1877577
4097354
4003146
2072887
1082702
3830422
1261939
2808896
2505719
1222198
4067899
1628471
3723660
2954206
2897123
1454467
24310
4412364
1164737
666130
4642785
2602972
108735
4327189
3007198
4062579
1666688
2187509
4687511
281
2500433
2917669
2502966
1036088
3645012
4605975
216702
4026778
1624854
501293
4960683
2101839
1679766
3323599
4172715
4014386
4439314
3586568
4868129
835125
4261225
547735
1599785
4280847
4765073
1125407
4500135
4375045
1875013
1875006
4375010
354
508
2084510
2295019
3988366
2230524
306184
3909402
10237
2152011
1612363
2649354
646137
771547
2118558
1118307
4110188
4366878
1953257
164213
4290882
3017323
1991961
161623
3894568
978998
3424345
3618283
937563
3958357
312504
3437508
281
437
2084420
1669900
1286967
2397836
4271762
2645501
3693755
4781681
662511
4527072
4916957
431749
213147
3808091
3624115
2734630
843624
531862
1421202
1001976
4726215
2061041
1746939
789378
1903573
653018
1458403
416684
2500009
2500006
309
2500479
417797
2294970
2467545
2362727
350803
266483
2645677
3057551
3282683
3685348
3943290
4890089
4439845
3873388
532880
2790791
4696196
664797
4036982
3970917
624167
2085353
3973536
1471215
3604594
1930680
1770870
3333348
2500007
4062509
306
2500387
2917490
835555
214245
4340170
4122828
1783346
3004363
860369
3468753
4121236
2091237
261056
3431439
4365610
33626
1069304
28293
2200409
4096090
2390389
3049581
2979303
3823784
1452159
1882211
3083420
4479199
2500011
1250004
2187505
279
427
2084365
4794723
640530
4146155
4309302
2051129
4800461
1596477
3823852
1264186
4876512
2136406
709651
3364664
2801000
4197313
1219090
4180142
1054618
1656721
3736145
832333
3581557
2192678
1632925
715577
520918
1041690
3437512
4687511
322
511
3334463
1253072
904164
2381297
3969185
4126157
1883191
761241
4010869
978771
3460771
4370925
1005853
4637844
4288134
4333996
3437796
1160521
1243750
113155
4654514
3851807
2957027
2007703
4230235
1660052
4270934
3333364
4062514
2812507
273
2500436
1033
2919733
2689194
514497
1581523
3713083
244621
2221119
2758542
752391
4549566
4618786
3338958
453506
4378267
2535045
2532104
1353274
2723752
1952353
3339697
4811263
1178474
1131008
4063792
1778179
3229286
3541703
4375016
4062510
352
554
3334609
836936
377964
2114434
1387376
968212
1404271
2672104
4456517
2686021
4696096
1438162
3807788
1096825
4096421
2321798
16101
4237856
2072123
2830512
2715185
3080014
2414684
1274561
4404081
3604576
4791791
1875033
312507
3125008
279
2500429
417624
419393
3097796
2018143
1033395
4011888
1435642
3800311
411606
3581828
3899421
3752013
4608536
4867654
3033813
4739255
3046576
4737714
3240087
341142
545719
3506295
2444612
3844497
438171
3840498
104227
3541690
1562507
4687511
305
451
3334403
3336439
2730844
1986224
111630
2201494
2941408
1556095
1033110
3326956
4216503
4468969
4475460
2712839
791745
371676
4251238
4187249
3976635
4550097
4946372
2466639
3770246
4626092
3272033
2722602
4270949
3333368
6
2187506
368
2500562
834661
3753950
462416
2992047
4507720
3645523
1159234
1926236
1259865
181531
326303
2844573
1066198
4530627
2002024
1629790
801081
749434
283003
3360670
4018733
1157849
3727105
3352337
3778758
2132251
4583429
1666692
2812511
1875005
334
2500517
1154
2503247
1057456
3431075
941154
668419
2937368
3548647
16682
1665405
4783384
4460362
4038235
823551
3597572
1646679
3478117
1104332
4719615
3005247
4909172
3188922
1302728
1732615
4612333
2979553
1666778
3750036
312507
3125008
266
380
914
1877760
1750834
532828
3155628
3066427
1895495
4860468
3697001
3855171
3670734
728276
2088324
1221997
4439529
4045700
2109729
4849870
4370107
728525
4889185
2194050
1406577
3714437
2965792
284880
4687555
3958353
1562506
3437508
351
2500530
834549
2920033
2495170
1333989
4681238
2708897
2512760
2551532
3482910
1730027
3950674
4059846
2823065
4220191
1411999
3563313
2448948
1331966
1957236
4162235
4630001
2584351
3352563
3070190
3688599
639237
520934
4583369
6
2187506
315
2500483
834428
2711576
3029862
2549594
4128985
4673924
4486124
1986833
1193601
4448783
3556811
4697474
2427128
1398031
4806549
3806937
527326
2177620
3689030
1781211
3417579
1421058
1864925
4769980
4507450
2993214
2812549
833346
2187507
3437508
289
2500400
1250962
211086
4396467
4504338
2936530
2450985
3165352
3356729
4799002
2451376
4735200
2796239
2580641
1273680
4787844
269001
4741016
4064737
1161506
1068426
2674163
3336398
4940479
2372409
1695149
3153000
4583404
2916688
2500009
2500006
312
453
1250996
627836
3028678
4928750
4491520
4773140
2794950
197561
655296
3927275
3662296
1232517
972560
2820622
3740264
4612254
2686139
722802
4384126
2297744
407730
4181548
3195605
4670361
1486598
2632103
2083381
2291683
1562506
2500006
269
438
4584302
2679
3187879
3642827
570635
1794861
4262739
3196628
3093011
4767461
4939659
4881450
4673463
4851550
875807
2961756
863515
1654912
2372885
4814246
2656933
4142622
2405824
2132635
56604
2139221
4791770
2083362
3125012
1
325
2500436
986
2086204
2424664
3158263
2119443
1954494
534236
3703122
3543321
2846890
2161885
3494467
3010125
3652705
2241970
621408
4130819
1983656
2596747
4843631
392109
2183884
2216318
1742009
3875435
3139024
833371
833344
1875006
1250003
293
408
417620
2919377
1319935
1108054
576230
2539121
3401954
1398495
3172479
2707833
3041552
1290334
831986
2144657
1554375
2704060
1545701
3949716
3641354
3270914
1597584
2579414
3936069
2572952
395
4590404
1041701
1666678
4687512
3125007
269
433
4584323
2919450
2049262
4226690
4612997
4785742
1302110
480036
2027334
2758728
24335
3132889
3424321
1953470
3204161
1420372
557518
947221
269743
1725730
1832562
202368
623561
3857638
2208706
3236224
1041698
4791684
3125008
3125007
259
2500412
877
3127389
3062027
1994845
1679317
4135046
375849
797635
2041038
673118
3150386
400547
1965730
2341917
3207965
1210056
4795854
3825693
1373289
176018
1866193
3653907
1320226
42445
2549723
1264244
3437608
208360
3125013
2187506
284
2500434
4584366
211226
3292627
3227429
4397092
3805594
1617441
959307
4974641
3130240
1343070
1234876
211190
1306324
3564432
1723787
1906733
2260681
2047575
886421
281091
1674617
2033216
1622489
4202138
715510
3437573
416684
2812510
4687511
274
385
2084220
1252439
2527540
1453788
1453615
3323858
794766
2874002
4316478
151853
2570429
4848070
1783907
3874778
4137243
1464416
1071767
4619982
2033443
3392547
1469191
2392554
4330927
2050348
2792265
3771022
2500056
2500018
2812509
4375010
266
394
2084276
1044477
4313523
1610035
3623847
273974
1436410
3113643
3991192
4827085
2560343
3459302
3887309
949189
1067197
425694
4059364
2397973
150015
2091647
3141689
554711
420836
2689962
1368891
1958590
4270913
625019
625005
1562504
300
439
1667720
2086484
2508863
4146489
1841124
3641561
1496709
287722
4754523
680826
558360
3453210
1731621
2326377
4929460
129618
1861817
1304010
1037901
1636858
900000
4166914
1314193
4070969
4472744
3666830
1458380
11
3125009
4375010
280
422
417706
2086394
3383671
2549263
2287214
4574539
1696700
3546908
1726747
3276297
2875354
2807246
986579
3229534
822670
4086030
4664777
3874650
4089381
650309
2410867
246394
1716871
257977
3445624
472589
1250106
3333367
3125013
1
323
480
3334499
2086666
3842660
4925758
3295025
4590037
4379154
916720
1549110
3717636
2161707
3971323
3307115
1128009
2892570
80917
3496233
2706588
4241153
4724103
3699059
4860056
2530605
1100083
3028766
1083637
416752
1250024
625006
3750009
296
397
4167537
419079
2819086
2189334
2386827
4003887
3232950
4294268
1887350
4986870
3757565
1260539
3678362
1043314
4576874
108147
3529935
409823
2236280
429530
3549017
974204
300354
4752964
2972439
3132014
1875021
4166680
2812507
3125007
308
466
2917764
1461505
2675550
4882879
3500208
1999524
4054756
1743972
3539162
1846459
3903449
3927997
4581142
1286485
4004
1160054
3378953
2374865
316614
1049373
2785822
3855147
521348
3206620
3848246
2861433
89
4791700
3125012
1875005
347
2500524
834482
4794885
473979
1479211
127274
4843165
3494337
4470585
4702098
1785886
4544306
2203436
4801847
1478339
2202233
3729653
3514481
3462028
887053
743743
772214
267340
3125839
2955825
2938241
507174
4479241
416684
1562507
4687511
266
2500395
2917652
1461260
1515148
3054843
2712184
2642139
1813064
3178574
433008
4676504
3879559
2721061
2847098
1082948
549543
1738717
334830
4504259
751963
4769443
463224
3146170
554636
4143500
2889671
2632185
625067
416684
3437511
2500006
284
461
834474
3336745
3620718
516590
3385656
1627790
2270126
479610
4815037
886015
1847854
2618762
4505562
614124
4756166
966265
1635915
2878859
1517604
4570139
177962
1777029
2360917
815153
3396775
4791971
3437591
4375031
1875009
937503
247
2500374
2917549
3544097
4777352
140284
707136
2882099
3655433
1142523
4779094
346714
2182671
4524698
4001621
4637613
2078417
4860749
186711
340517
771475
614381
2755163
425759
2006475
2213647
3521065
1201457
3020858
208338
937503
4062509
277
2500424
965
1461155
3820377
4776189
2858151
1766932
3160195
3602876
1240033
4651708
925777
905906
4040115
2173761
3767104
4730453
4133907
3403604
3132204
887006
1958676
2604858
2353320
79696
2931726
3604540
2083442
2500032
4062515
3125008
269
2500387
944
3961181
2487213
3978105
1583763
2066946
489307
2161557
4670673
4455493
4240809
4162467
1497310
2874792
2834598
4374518
396502
1899224
1588254
1830786
2381294
4816984
641563
2561130
590573
1201474
937524
208339
4687511
4062509
341
516
3751221
3128488
954039
4738449
3310431
4342979
4164439
3025868
4602939
4450712
1246408
4003115
2121361
4173660
3963500
4492535
562274
827144
1793756
623270
264622
537670
1088245
643984
2216239
4361414
520917
3541695
625006
4687511
319
495
1150
2711627
3050769
2695674
1326684
107233
4374589
1689705
2695906
2786794
4850466
4740609
2292356
4912140
256949
962312
3938370
26633
192554
494772
3412870
4086314
4976101
3078752
3660534
916913
3645910
3125024
625005
1562504
259
395
907
1252640
1965664
3573329
2310604
4407276
4170068
3449498
1699823
4066367
3240828
815539
3912356
287525
2647118
2839050
75443
3670005
434194
102815
1927540
4372907
1875456
3103827
2472911
4930778
1041729
3333356
1250006
625002
269
2500413
1250941
835951
3034842
509891
4657908
1294070
671819
3301433
3234726
4196282
2492774
3963458
863409
1117185
2375610
2946475
4102750
2520057
3443938
938624
752920
3666466
2497985
633861
2813173
4666884
1562562
3750023
4375013
1562504
316
461
2501097
628216
661815
1042967
4586422
974216
3298147
1785230
3744268
3326647
4093837
1244107
1797062
2293894
564576
579153
3035068
1301852
178452
4071977
4250014
4394083
4215913
379370
2479892
4361346
3854239
4166692
3750012
4687511
221
338
3750803
4793965
4096559
1244238
1214521
1368610
2524403
1948625
2891462
725185
214551
112019
655684
2875841
4906730
2882559
3799784
2952214
343172
4529304
4202833
3710626
3170763
3799225
1736299
520884
3541688
3750011
312501
0
300
423
417610
3544346
3653032
169684
3784666
319322
1195035
1508940
71194
3444056
2968261
1522842
4837971
1051922
970455
3475233
1360823
2569158
243498
710792
212729
4994706
1052497
3157970
3076571
4326448
2604186
208337
3437508
4062509
305
2500480
1159
1461663
4495238
3918023
3388064
3788355
4593461
4950680
2837651
4886120
1951563
3530904
427840
4984029
2743466
1406387
4058732
581647
4501740
783831
711521
2186958
1391744
3251508
4133281
3764310
4687627
3958372
2500012
2187506
353
2500545
2501234
3336779
1092686
3369735
4334569
4241328
3286518
311245
1268289
4077582
2750672
4008715
1957713
1888712
3950548
860545
3408088
4364144
3193937
2876203
1152925
3793513
854120
2285133
570407
4639202
1250089
3333363
5
1
333
2500478
834423
3125
1210014
631873
2501893
2938949
4193925
4423986
4484122
4678994
4928715
3304335
2050555
3515740
2026942
1474690
2592822
1111443
2667156
2770177
943578
4783449
2057788
2922087
4757202
2243130
937521
208338
4687511
4062509
348
2500505
2084503
1045057
3703966
481570
1521441
2489255
4932289
403173
1529434
670489
4034821
876436
4051006
3528192
870885
4584067
1935927
761434
1905733
1484156
218973
3944262
3587091
4533813
4819921
1055697
4375048
208343
2
1250003
304
451
834345
211203
4125962
1407874
3808091
2204039
1665475
3687701
1150361
4546515
2713719
1136083
4275186
3229815
1415371
3578796
3783899
3893198
3421266
1779629
3751257
2664593
3685742
677966
1077110
4673847
3437572
2291688
2812510
4687511
301
2500449
985
627857
2452349
3970497
2246162
1201256
413044
2418884
2459241
1553615
4155573
120714
2280280
3583544
1911819
1852482
179441
1157815
1572428
2833614
3210769
84785
4510357
4985034
2965678
1930672
3437538
208341
1250004
4062509
621
2501056
3941
645954
3550765
524764
4126632
545300
4329088
1966806
4448120
3376558
2919957
1950888
4645022
2790320
3232466
2599735
2185022
2843143
2901037
1269360
1807576
2110057
3306948
3655430
2230
2674069
1377830
3073739
2726263
3201667
4444104
4736565
4046224
103377
4381863
2607672
1099851
4686528
4400353
68857
1165520
2968817
932836
597546
1383044
413428
4672196
4059096
1492673
3646216
4077080
320321
2309916
1489758
1445070
900000
391640
1292140
3593833
156262
2812508
781252
537
867
4586560
4392882
4224106
2883465
4255174
2377454
598883
2220242
2475107
1098982
3707310
2153676
1261366
903673
3003132
4508824
3363902
189137
1378972
212050
2767486
2829202
3230263
4245116
173490
4282801
2474937
1140882
930479
3787268
2315652
197543
1865481
4262230
4332264
2908088
1965797
2554217
2717681
4295077
2114567
4491674
1066832
948898
2070133
3775803
1675290
4947129
527266
4294957
3517289
1657356
1340854
1245952
3917040
3919219
2885719
3035376
1510523
1718770
3437510
3906259