795529554
1196579719
2106604463
1587074099
-463828775
-607727435
350658728
1891541052
1316292786
378566596
1470616923
-2033753414
717575459
454181952
-107637968
320509623
-1196537689
-319617208
-519023947
-69226236
-283004505
-895676168
-1067499261
-939924908
-1727348038
-1896173295
-1928021438
-482280478
-878740846
-1490426281
670575965
1329656645
-469026138
304399766
692127672
1525797701
-104083143
962621435
-405066124
1332279869
-115120723
-2027145540
2054168147
-1080706336
-4646813
-276012920
-1641635334
-1568990885
-94783653
994012169
-717649449
1199731655
-946495561
366093756
-1807373830
-1011496323
-1051597822
-1715421632
883601526
1870790164
1977644151
1642332634
455556332
-416791923
721805390
874590579
-675519669
1537707272
1443479714
935511104
137941786
-496435740
1609734328
1735233532
1180734461
-1328967757
-708260289
-1743030457
1275722367
1623146157
1794241447
336803138
1739027380
-498480065
643411530
72465202
-124384069
-1922369848
-1073955629
761849798
-1919190300
1791676619
-2023508861
565554672
825887016
-179798362
795034279
-1243345331
-70677043
-1429199803
798062740
-885476921
1035331585
-1219232756
-1458931980
-1187895145
111278509
-1934578829
2004176796
-86118765
741804398
1089046848
-2106347893
439576915
1179185506
-1871161039
-270887061
2085607666
1554859987
-747050489
-332511651
96363391
-1340206213
1053706209
-621007965
-340172558
-2051337708
408238275
-2036008633
175510567
-1595875931
304129278
-708220231
298180542
-771638735
-780546094
-579345242
-1989070706
-13427857
-1080790910
-924120303
447647002
-617561384
1971324073
1426074028
-1381246136
-661270192
1988982470
-339454815
-1900906339
-985067434
374359329
1787606128
-1729261818
-884750585
-393823811
-1098211925
-230773436
1617618132
1309388862
1690971307
-100221086
-1186820413
-511896149
-1250461432
-515360913
-1617244704
-1798138497
-952236574
206578860
1926583689
245650131
818337743
-1094641568
-1927073592
-218547182
228617893
-1828882951
1204516343
-1196800006
1584944675
-699044399
1482842657
-2124247483
-1224175851
1288155545
798118422
208245188
-1561933984
1721381800
1304043132
-1143093570
-754613578
1455797595
-1279599690
-1397207358
-734949694
1335836064
1096484075
-277957564
425872198
-1349479256
-1101765220
-1652528820
735416492
-1606669324
-1608021779
-804085228
-1610930560
1909638787
496318646
1416797252
1472315520
-830056685
-1644611296
-1403193977
582513169
-491596272
-938450472
1154571668
-1430038042
1323460968
1499945052
997152463
1931001369
-1014905791
-1660070734
298559283
1580595755
-1153583526
801184253
-463504963
1898903140
1780967812
-775814632
-144326045
-1288697363
-91323957
-1687323542
289880259
-374513824
-1601050467
-1166494341
1143689926
-1717966422
-506389928
378909069
576559063
-1703796144
1610010759
1273579243
93076460
-310252288
1332407995
-1159845305
-1207115025
1586840469
1953789989
1860721629
1416137882
149906250
-1469683039
-1018631852
2093001825
327016680
1986793307
-290631856
1953723775
-2127712470
1977185199
1767710276
-529206130
-12876880
-385257054
907195278
-638149927
1527640706
1675767295
752008849
907203534
221405495
-1764333998
695085327
1786972942
1628266101
1312873841
325262662
-1104936146
-92165612
1190648004
-921953376
-1231335188
-438831104
-81104929
1102211072
-642164605
-238668861
559592452
765113745
2088619808
-1354128549
-1653638685
-1270640998
1720026092
-1736131525
-1088789510
-1015346050
-38701357
-378711996
-1836577623
-652770797
-1953769078
1077874425
-1057568840
1931302837
609595067
-1704033695
1222898422
1489914356
-750433453
1113659157
551206236
1848976224
2033812971
-1154935269
-1431294398
13434972
1291513408
2103347467
-1680849555
-1409604544
-1786937608
122970782
-162282141
815359680
-228849522
-162199067
141187508
-95130997
-1437910521
1974445891
-74710872
1278659592
594888084
-704232226
452239997
-685436065
635804317
-622786875
880272606
291986902
-1835090531
554902243
312152526
627974266
92363576
1007111414
-1561884798
1943081904
1747787321
-742802068
-1103299131
-556199472
-640614900
1500163108
1811392589
452369434
-150558760
1901466621
995308472
-317073452
1841390184
785601584
-1761044755
-224365545
247989129
-438591090
2110904735
-1930169312
1799994051
-1518269891
1352381519
-258910298
-1431899734
-1407075023
337211267
156164406
-1468247564
1435553471
-610878787
968329323
-10930282
-1978484298
-828151520
1183422987
-1268799444
-781031207
-1410498851
1447962188
1742844060
-1932190800
-1529193431
986995340
-481194235
547803696
1777786174
1581530197
2115399835
-1565951194
1074602535
-1977218102
1865322372
-580125891
-5640272
1858037586
782112531
966158227
-392751435
1817573930
1098276895
630363532
387795885
873842429
1607189114
1429861004
1284480426
1715880761
-846416327
-654417494
261726300
-1735518676
-919034693
1465483239
-1496412093
-1426868536
-1333006946
-34070516
-1089437314
1159272457
851177047
844552791
1236790271
-314114641
-58906755
-115810396
-2033348660
351279860
1928477445
846340819
1163755367
956586805
541825214
464623400
1815982388
238637588
-1685540078
456593493
-814874180
-1954893881
1472283302
1091207844
-935230914
-1403447429
1277133689
854825527
-413930403
1488070043
-1089389020
1617879504
2048455234
-657415432
-1428511135
-2018986323
1757898686
60131797
-536748540
-554273082
-611701593
-1525317515
-1506567560
-790852964
-1163278391
-569757507
-290438050
1357150353
1422447678
-1713469429
-352530699
1479125763
1347542170
717987653
-1505276387
-1096126190
84543938
2135004660
-1435309546
-1557419901
-1040667745
-1421952008
982366977
-731723753
798848854
19645121
1957870423
-1643954342
-424205988
293295307
-1180976233
-71088227
1571111940
-868438461
1939497108
-1169831329
-1170954331
-1169932955
-1170747713
-1166348817
-1168016463
-1169327660
-1170492732
-1168037794
-1167428730
-1168681908
-1168466026
-1168237188
-1167155793
-1166372184
-1169861794
-1170477043
-1170942500
-1170108773
-1170868489
-1168027624
-1169067616
-1169244315
-1168511211
-1169622946
-1169371210
-1168706293
-1167716868
-1170563272
-1170769724
-1171184843
-1170423208
-1170764141
-1169955182
-1167617666
-1169085816
-1167962313
-1168032177
-1169838520
-1169633363
-1170845879
-1170420423
-1170116811
-1166561355
-1166285425
-1170914145
-1167999575
-1170564956
-1168894307
-1171179426
-1170216251
-1169831403
-1169896405
-1166201042
-1166819234
-1170046479
-1170802164
-1167086565
-1170605427
-1170958372
-1168663880
-1168770273
-1170492805
-1169526869
-1167032610
-1169735190
-1167892386
-1166763977
-1169876378
-1166722040
-1167899281
-1169158485
-1167851359
-1170875414
-1170159182
-1168295948
-1170385821
-1168051876
-1168747883
-1167440322
-1167598430
-1166636827
-1170060211
-1167766719
-1167587881
-1166682798
-1169963159
-1168068935
-1170237723
-1168522295
-1170476790
-1168384101
-1170771276
-1170680004
-1166435429
-1170350309
-1167289525
-1170822113
-1170598380
-1169527873
-1168423199
-1167074875
-1169878642
-1166939561
-1167626987
-1168152978
-1168040627
-1166791208
-1166351555
-1166658050
-1170613982
-1169039458
-1167362275
-1168807598
-1169599478
-1170562123
-1168294482
-1168649086
-1170213200
-1170814096
-1170591543
-1168207796
-1168195620
-1166346513
-1171010611
-1170528186
-1166962636
-1170188201
-1168331177
-1169392723
-1166810009
-1169836910
-1171058214
-1168625784
-1168521653
-1167579635
-1167579201
-1170000676
-1166655864
-1169527894
-1167286331
-1168488883
-1167826942
-1170932183
-1169835793
-1170550596
-1167367456
-1169361292
-1166340406
-1170927189
-1170223598
-1169536717
-1167434154
-1171112030
-1166574502
-1170990497
-1170700057
-1166693663
-1169575882
-1169491417
-1169406937
-1166778275
-1168947117
-1170174652
-1168822210
-1167361752
-1168396138
-1166731362
-1168400221
-1168989707
-1171174233
-1168258720
-1167132194
-1166563949
-1169822259
-1168571623
-1168236705
-1167776842
-1166295637
-1170035271
-1169412254
-1166618222
-1169491252
-1167789146
-1168077739
-1166214584
-1166737679
-1168736223
-1170783264
-1168585565
-1168261652
-1168827285
-1170780915
-1170808642
-1168408866
-1169017464
-1170406323
-1167062334
-1169910791
-1170170166
-1166253506
-1170557897
-1169367323
-1169842967
-1168426066
-1171145859
-1169616654
-1169052627
-1169661946
-1170210265
-1169516556
-1167336109
-1166759546
-1170152261
-1168577884
-1167384144
-1167043087
-1168690567
-1171112081
-1169868173
-1166958036
-1167160894
-1167577467
-1168480019
-1169464409
-1168967192
-1170838250
-1171132233
-1167011001
-1166589184
-1168885633
-1166309181
-1167212298
-1168478204
-1167136317
-1170781307
-1169670111
-1171191878
-1166779739
-1170135813
-1166496506
-1169657004
-1168728481
-1166544074
-1167011579
-1167914911
-1168682787
-1166700414
-1170233984
-1169057281
-1166455981
-1167348469
-1166463460
-1168311543
-1168756716
-1166947756
-1167828114
-1169324864
-1169505265
-1167811363
-1170419837
-1167030143
-1170224012
-1168360616
-1167762016
-1168041780
-1167150571
-1170189908
-1168208551
-1168541269
-1169385553
-1168135228
-1168456859
-1166736895
-1168794293
-1168948932
-1169442709
-1170885015
-1170515843
-1169516789
-1167946006
-1168579165
-1170767802
-1167290851
-1168757424
-1169047679
-1167308906
-1169873050
-1168517637
-1170669963
-1166951218
-1167780847
-1166516175
-1167739477
-1170971728
-1166904637
-1167372101
-1170359009
-1167287440
-1170013481
-1170589405
-1169719033
-1167517174
-1166833439
-1170511316
-1168481148
-1167959742
-1167266605
-1169760358
-1168758864
-1169704035
-1167154120
-1169969638
-1166491591
-1170199808
-1167731994
-1169850833
-1171038525
-1168932946
-1169105162
-1167804867
-1169383561
-1169510752
-1170969171
-1166459023
-1168932649
-1170098327
-1170353766
-1167143199
-1171067275
-1166709107
-1167889803
-1166852551
-1166435259
-1166663925
-1166462081
-1168231134
-1167475629
-1169273254
-1169064304
-1167951008
-1169771751
-1166286653
-1169109348
-1170969605
-1169066645
-1170796653
-1167295070
-1170083399
-1167468781
-1167080284
-1169858705
-1166593580
-1168524782
-1167723424
-1166555455
-1169074359
-1167111885
-1169858158
-1166774250
-1171025804
-1168155824
-1166350950
-1166889361
-1167406071
-1169248692
-1167516758
-1166414502
-1168535708
-1167986433
-1170314495
-1166739662
-1166531200
-1166887734
-1171074666
-1171142117
-1169733601
-1169705671
-1169620378
-1166302365
-1168502844
-1170078735
-1168558769
-1169128356
-1169376553
-1169893788
-1168231739
-1167490588
-1166699470
-1171089911
-1170769692
-1167989218
-1166530186
-1168368960
-1169432652
-1169546711
-1170519444
-1166724623
-1168026841
-1168278009
-1167697046
-1167464652
-1167268877
-1167457745
-1169488133
-1166989742
-1167863143
-1166938974
-1166572028
-1168069665
-1167468952
-1166322062
-1169157764
-1169604751
-1169142426
-1169212482
-1170087364
-1166310304
-1170684149
-1171106695
-1170306344
-1170789471
-1169113339
-1168877037
-1166977133
-1169783920
-1166515558
-1171143984
-1167987760
-1166498931
-1167298418
-1169357807
-1169254262
-1168708158
-1167395974
-1167785776
-1169846819
-1167049820
-1166197735
-1166837659
-1167181198
-1167647910
-1167046456
-1167867567
-1169695178
-1170778230
-1171124107
-1171136824
-1169755027
-1168912763
-1170843364
-1169306966
-1169148600
-1168516532
-1167862352
-1168368106
-1169074729
-1170589033
-1168574614
-1166472898
-1167894262
-1171055280
-1169890781
-1167971997
-1167832396
-1168220295
-1170227074
-1169429935
-1167828277
-1168821761
-1167701455
-1167101450
-1166860595
-1167552876
-1169444005
-1168372085
-1166746679
-1167291625
-1170977851
-1168546972
-1166639186
-1169861608
-1170535810
-1167989832
-1166749152
-1171138917
-1168936109
-1168173657
-1167685879
-1166796580
-1170100535
-1170725607
-1167620694
-1166407054
-1170351613
-1169892508
-1170515840
-1168307284
-1168135919
-1170908035
-1170880486
-1168368474
-1166946753
-1169499321
-1168248708
-1169379861
-1166199906
-1169471522
-1169173475
-1166420487
-1168515226
-1170815039
-1141278200
-1141386413
-1143512452
-1145233065
-1144147881
-1142184879
-1141937863
-1143088688
-1143326357
-1142548505
-1142415096
-1140871540
-1141176941
-1144061090
-1143804658
-1143851321
-1140995144
-1144556885
-1142875663
-1144632551
-1144868292
-1142149343
-1143967938
-1144758364
-1142011660
-1141844246
-1143843418
-1141848183
-1142108403
-1142074626
-1141127104
-1144313662
-1140438948
-1144304621
-1144572380
-1141875858
-1141195035
-1141847240
-1142851775
-1144794697
-1143848329
-1144746320
-1142118502
-1144553547
-1143796950
-1143108229
-1143989355
-1143101327
-1143302458
-1144546496
-1144981700
-1142768369
-1140732961
-1140478092
-1144719347
-1144491043
-1140455645
-1144688603
-1141052187
-1142900608
-1144020651
-1141584049
-1144247890
-1141657228
-1141648708
-1143609103
-1144881412
-1142470056
-1142962013
-1142027470
-1143801253
-1142955750
-1141104530
-1141115652
-1141226961
-1144534077
-1144210646
-1141849897
-1143447285
-1140457433
-1143077095
-1144300080
-1143373542
-1143570716
-1142412447
-1144944583
-1144886833
-1143935294
-1142726797
-1142734926
-1141392075
-1142416438
-1142595684
-1142921087
-1141551136
-1141289113
-1142635937
-1143660980
-1143528647
-1143980605
-1144400670
-1142243348
-1141201111
-1141718680
-1142514810
-1143655936
-1140528690
-1141098505
-1143161093
-1143589812
-1144805489
-1142165754
-1143795264
-1141388278
-1141003399
-1143261046
-1144568916
-1144818120
-1143158577
-1144036708
-1141907889
-1141029135
-1143619398
-1142159781
-1140961650
-1144395666
-1145145085
-1140594516
-1145133966
-1140938150
-1144491828
-1141440261
-1144477380
-1141265643
-1141311888
-1144694061
-1144541633
-1144687670
-1142441799
-1144501363
-1143203755
-1144451333
-1145002712
-1143636805
-1140538338
-1144876799
-1141623026
-1142689120
-1143797648
-1141314596
-1143433338
-1143070311
-1144295593
-1141051628
-1141418195
-1142518967
-1143103480
-1140703338
-1144521507
-1144257074
-1142302410
-1142056026
-1140788229
-1143740177
-1142244395
-1141092902
-1141592127
-1143524204
-1142702779
-1142883082
-1141784185
-1140410450
-1143771214
-1143925605
-1143748591
-1143427856
-1140864069
-1143553727
-1142229451
-1145052980
-1144068865
-1140400143
-1143628439
-1141166694
-1145176682
-1142264271
-1141387968
-1144060861
-1141935508
-1145281353
-1142681090
-1144943177
-1144179868
-1145197696
-1144959458
-1142040814
-1142839266
-1141073113
-1144050779
-1142912569
-1145012701
-1141117351
-1143321570
-1142318768
-1143760196
-1142053860
-1144937985
-1140343825
-1143194670
-1144925709
-1143077180
-1143232891
-1144051375
-1140712037
-1144290883
-1144822584
-1140441360
-1144347620
-1145107322
-1144962910
-1141426522
-1145260420
-1142729668
-1141677282
-1142945091
-1141903813
-1140910417
-1140832692
-1144375793
-1140636522
-1142339818
-1142740624
-1141173837
-1142613499
-1140524103
-1141422328
-1145308288
-1145290418
-1140980204
-1144602816
-1142415038
-1145186708
-1141401847
-1140955439
-1140977007
-1143558140
-1142517758
-1142599602
-1140326927
-1140502060
-1141322758
-1143302057
-1141324626
-1143024252
-1142541443
-1143703502
-1142455676
-1140911822
-1141530899
-1141114543
-1143579002
-1142247690
-1141867582
-1142350420
-1142714996
-1142267124
-1143792659
-1141944577
-1142182918
-1142662697
-1140531659
-1141056134
-1145116153
-1143073195
-1140419870
-1141518201
-1143553864
-1141206163
-1141102759
-1143561347
-1143454605
-1141225276
-1142173896
-1144955618
-1140752287
-1144205331
-1142126370
-1144694225
-1143925474
-1143342370
-1144736138
-1143526023
-1143804425
-1142512562
-1141799206
-1145241223
-1140651582
-1144032378
-1140802577
-1143929744
-1144264275
-1142899019
-1144575480
-1143598109
-1143789092
-1141859746
-1143866405
-1144626602
-1141608663
-1141297130
-1141814925
-1143400295
-1142854076
-1143048450
-1145155985
-1140607729
-1143572168
-1143062328
-1144638369
-1143311900
-1142091867
-1141966828
-1143682181
-1144176667
-1143789005
-1145196355
-1142617320
-1143615618
-1144656093
-1144795067
-1144537871
-1144798101
-1140903650
-1142130776
-1140411696
-1144001159
-1142160151
-1144420501
-1144616558
-1141090511
-1141870107
-1143173169
-1143787865
-1142712555
-1142870517
-1142084266
-1142133064
-1145237504
-1142969118
-1143219739
-1141251146
-1142774630
-1142985718
-1142015796
-1144696450
-1142266874
-1140969587
-1142685662
-1143056913
-1140898490
-1142275520
-1144851931
-1142907829
-1141959199
-1141366194
-1144728158
-1143353305
-1143247136
-1144752596
-1140655205
-1143527067
-1142736571
-1144724540
-1143008805
-1144299900
-1141716844
-1142791475
-1143607414
-1142680444
-1142987550
-1144965926
-1141260302
-1144304455
-1141281645
-1143967307
-1143763197
-1144361106
-1141179043
-1142853335
-1140340329
-1142279795
-1144766920
-1143278790
-1142009778
-1145039448
-1144239101
-1140605337
-1145079076
-1142083364
-1143365359
-1142387619
-1141594170
-1144357458
-1142843659
-1145019405
-1144500050
-1144593872
-1143334012
-1140867912
-1140720153
-1142779745
-1141243378
-1143443768
-1143109667
-1143410281
-1142315953
-1145064770
-1142672595
-1140507494
-1141688407
-1144714183
-1141117434
-1145033270
-1144326607
-1144282138
-1143711231
-1142138939
-1142590732
-1144742146
-1144997761
-1141367677
-1145130365
-1141513035
-1144147706
-1142997480
-1141380387
-1140897857
-1143066445
-1142469212
-1140581463
-1140821635
-1143771764
-1141476994
-1143284291
-1144610452
-1141670660
-1141084751
-1142069813
-1141382165
-1142458762
-1144478679
-1145204605
-1144772156
-1142861992
-1142086603
-1140613982
-1142483492
-1144645309
-1145207873
-1145184308
-1140407990
-1144735296
-1145111461
-1140341950
-1141410095
-1144717926
-1144488922
-1141061897
-1143315138
-1144185756
-1142024905
-1145228957
-1140958861
-1141537121
-1144395044
-1140876872
-1142047309
-1141773741
-1141295804
-1141414889
-1142269336
-1142893932
-1141670655
-1142564885
-1140466427
-1143164217
-1144940271
-1141791015
-1144141935
-1144014112
-1143726252
-1142922076
-1140539298
-1142069064
-1142146534
-1142688239
-1140643568
-1143276522
-1140921621
-1141421393
-1142677644
-1141807365
-1140333817
-1144154069
-1144925336
-1143664229
-1142962453
-1143379884
-1144087251
-1141045216
-1140896481
-1145189329
-1142884326
-1141878520
-1140366670
-1142645953
-1142379498
-1142057471
-1143722891
-1143689356
-1140696014
-1140643985
-1140610711
-1140932604
-1140924701
-1142496506
-1144238698
-1144092941
-1144791264
-1142196613
-1141788513
-1144955686
-1144070147
-1140980336
-1144670426
-1143966137
-1141160992
-1143436699
-1141491049
-1144904123
-1142451120
-1140386798
-1141902209
-1140708288
-1140825894
-1142811897
-1144815908
-1143582794
-1145025298
-1142579266
-1142674657
-1141606505
-1143546579
-1143051684
-1143169368
-1140728015
-1145066773
-1144648517
-1143088986
-1141261958
-1142371313
-1143964323
-1144728480
-1143518907
-1141822490
-1140629966
-1141469170
-1142165229
-1144221727
-1143572455
-1141515377
-1140754127
-1141563262
-1143205672
-1143275033
-1142200946
-1141198325
-1141990455
-1144590327
-1145278974
-1140931660
-1141136358
-1140941410
-1145098659
-1142725053
-1142810402
-1142696733
-1141479043
-1144131926
-1142712045
-1141856841
-1143014898
-1141432423
-1145024181
-1142347435
-1143050563
-1143569502
-1144120656
-1143889006
-1143015195
-1144134931
-1143776252
-1145090119
-1145254309
-1143742977
-1140861254
-1140871199
-1142779393
-1143073162
-1142462159
-1144347891
-1144982707
-1141695078
-1143144172
-1144189416
-1142111841
-1140504346
-1143145860
-1143851204
-1144765403
-1141192869
-1140430633
-1144698669
-1143454585
-1141566302
-1144984867
-1140686433
-1143918270
-1140976468
-1144869677
-1141053081
-1142711112
-1140782171
-1143949581
-1143209211
-1143412021
-1144901356
-1141296752
-1143489444
-1143238192
-1144009216
-1144330864
-1142786997
-1143176579
-1145073715
-1143617059
-1141747916
-1142278198
-1144800053
-1142143839
-1141529235
-1140784371
-1141887422
-1144124816
-1143743034
-1140443170
-1143309206
-1141357725
-1142663057
-1140924939
-1144993443
-1140478859
-1143059397
-1141935860
-1144459954
-1143240070
-1140694991
-1144123599
-1142148836
-1144646138
-1142643943
-1145235415
-1142923645
-1141061201
-1144664493
-1142576869
-1143726538
-1144799884
-1145074766
-1142823869
-1144738221
-1140348681
-1140706074
-1145271238
-1140932510
-1141953877
-1145260868
-1140988660
-1144859394
-1142784262
-1141242177
-1141567679
-1144905360
-1143773584
-1142153376
-1141047059
-1140342456
-1141445701
-1142157740
-1142507634
-1143936097
-1140947710
-1144174641
-1144260052
-1143013265
-1142779397
-1140485114
-1140654892
-1141711601
-1144452986
-1141284858
-1141831146
-1143955135
-1145154897
-1142667707
-1144841864
-1144882513
-1143007165
-1144554381
-1141957507
-1145020282
-1145283363
-1141875320
-1140415764
-1144828581
-1143724077
-1141734865
-1143471572
-1144940378
-1144444287
-1141001224
-1142477455
-1144018820
-1143804266
-1140440068
-1143488124
-1144528316
-1144637336
-1142154336
-1144569696
-1143648915
-1144761366
-1141069130
-1142835115
-1144593970
-1145249520
-1144925261
-1143840841
-1142515357
-1143189558
-1144514607
-1141781361
-1141245561
-1142483175
-1141758024
-1144413100
-1142789732
-1141120849
-1141498989
-1141387735
-1143199979
-1140992294
-1144934137
-1140377176
-1143732479
-1142883593
-1140409817
-1145020737
-1144016854
-1141997774
-1144357996
-1143969688
-1143707422
-1141647231
-1143735875
-1143173617
-1142565506
-1143874322
-1142547378
-1144635188
-1144956722
-1140651447
-1142204641
-1140852268
-1141506809
-1140604164
-1141826072
-1140769335
-1142319855
-1144082982
-1141432533
-1140982784
-1143872521
-1143376275
-1141523789
-1141342405
-1141629065
-1142004469
-1141062796
-1141709771
-1140818155
-1143688487
-1144664754
-1140937296
-1142724373
-1145062156
-1144172370
-1144391529
-1140908670
-1142183426
-1141890476
-1140803489
-1144066469
-1140329775
-1144428942
-1144340812
-1141867737
-1144016480
-1140443088
-1142438089
-1141246762
-1142956207
-1144000909
-1142930729
-1144163566
-1144111362
-1144733350
-1140784001
-1140377262
-1145043494
-1140496175
-1144283259
-1142635857
-1143135030
-1144176793
-1144005184
-1143704722
-1143909190
-1141554013
-1144375534
-1144101681
-1144079981
-1141519822
-1140418149
-1142053651
-1143031960
-1144146564
-1143542325
-1145239701
-1144838186
-1143589546
-1141465117
-1143733492
-1142737860
-1143899529
-1142281234
-1142528344
-1144295270
-1145066968
-1141866281
-1140565921
-1143819833
-1143507372
-1143615031
-1143025939
-1143968253
-1144958263
-1144382026
-1142995876
-1142490031
-1143566212
-1141399166
-1145071811
-1142239048
-1144932033
-1140611179
-1142351505
-1142233762
-1140807307
-1143011436
-1141689314
-1144917960
-1144222765
-1143180948
-1142854327
-1141206396
-1143623622
-1143167754
-1144049101
-1140505414
-1140726760
-1141081042
-1144248660
-1140501039
-1140695608
-1141810184
-1142954772
-1144522715
-1143802044
-1142146348
-1145321327
-1144511736
-1144500283
-1144578024
-1141687162
-1144365383
-1142247605
-1140888729
-1145152043
-1141635299
-1143548030
-1142950610
-1144626762
-1143737895
-1143504951
-1142987842
-1142233692
-1142944943
-1143107465
-1142865795
-1141595728
-1142706777
-1142681581
-1142464903
-1143097315
-1143416919
-1145307799
-1142435293
-1144457063
-1141733184
-1143033923
-1142552620
-1140745597
-1145184109
-1144854523
-1145138353
-1141532777
-1143733436
-1141543140
-1143499381
-1140364030
-1142924055
-1140769013
-1140922392
-1140934371
-1144372621
-1142319388
-1145068290
-1143335592
-1143632766
-1141767701
-1143432768
-1144050110
-1143458571
-1141350090
-1143337911
-1142214374
-1143191583
-1142434495
-1143187659
-1141764814
-1144576561
-1143078808
-1142454791
-1142406386
-1140786047
-1142678636
-1145054697
-1145217498
-1144550284
-1143933991
-1141059739
-1140945482
-1140905854
-1145242203
-1143551925
-1145101492
-1144999266
-1144576285
-1144937189
-1143293497
-1141251079
-1140952989
-1140472292
-1141351637
-1144946572
-1140343474
-1142974530
-1141224512
-1144691805
-1143017172
-1142436196
-1140776349
-1141444291
-1143317645
-1141931541
-1141714017
-1141597630
-1143307585
-1141624989
-1141463254
-1145214567
-1142266616
-1140599497
-1141248431
-1140385460
-1142414711
-1143502330
-1143098714
-1144970981
-1145222566
-1140399108
-1142132978
-1140582466
-1142679628
-1145185122
-1141851724
-1141048552
-1143399635
-1140749423
-1142518636
-1141615755
-1142742978
-1141982752
1868533
3333360
3780336
962474
647628
3595811
2302214
2800909
1928220
2278724
93571
3499459
622823
573968
86484
1157977
1920618
4369613
4394393
619246
588331
2385195
3134788
1046332
2047056
4130148
4469017
906513
4939453
3248173
2943386
3078314
2210295
4347792
1829073
2446638
1498340
2560093
1795353
2598476
3652982
4743599
1145568
4602828
1654179
111660
14750
1889284
4905614
4885450
4757927
1183329
696729
674962
2304099
1057335
1834703
1506562
419515
4738029
1577104
2338158
4588189
50055
3669830
600213
1809974
987331
252249
4852423
1108333
2233916
928483
415556
2087814
1177458
4588151
4360899
3706240
3157101
3097526
1662097
4838401
3185037
3226112
1024824
4577701
2383935
1500742
3721698
4670936
2772489
1417129
2483679
2620736
379104
376605
2741071
3389611
2283596
266182
1873741
2452873
1729917
3859124
1696939
1397263
2110514
2095060
1447482
3887960
2803715
2076345
4614908
4647645
4485033
2859461
1315300
3710659
2837493
3129569
1711687
489525
1432979
4356436
4076058
2533184
2151721
2801901
1271076
3145594
4635063
2969258
425377
3232490
1242672
691515
3174262
973745
3342021
1544293
3938534
2185778
3853487
385715
1097951
4417092
3292012
1597118
3964841
4845488
1508615
3614093
2578109
2527395
114127
4241910
4404479
2956578
1913537
840011
1384969
3943865
3251908
1109974
3783441
3951413
876601
3810814
2353280
1425629
126245
918027
3432288
1990879
2076682
1826346
4976553
121262
4395578
590028
3250379
3780249
1003145
559218
3573138
813742
1018540
4593846
2451432
962840
2826691
2239821
2281069
3694761
29004
4515607
413739
1782419
3394784
3387536
574260
5440
476164
170177
2948400
3606465
2569392
279964
4469267
3559358
3428160
2388683
3882523
4058034
4324228
635307
3270288
4574198
2809558
4118028
2960811
3526597
1411066
3664105
1747053
667710
378222
903628
3470134
1227439
4242479
2955500
609082
2634551
1752424
1736677
2709336
2569443
4373929
639416
4622047
4072144
4410860
333196
3494131
2306471
4989658
2389626
464237
413749
3914451
4723563
582733
1963656
800325
4365434
2029169
287674
4992627
2196433
2976884
2583300
3327150
792738
557692
809119
505261
4820428
2213099
605743
91604
2138263
2648031
3809267
3610825
3306792
374423
2933552
4813260
4001681
4032972
122793
1322768
4649133
4119208
4661795
2011594
2518135
4122613
1991763
4578114
1638647
1162557
4522393
3974590
3302076
2373064
4566649
663121
1605057
818439
630078
557092
934303
4617845
2148166
3263512
4457292
2861856
922440
754485
2778552
2087939
4417131
60237
3000455
4251325
2453814
153478
132484
2198930
2799307
3098544
2441424
1359150
276850
2281332
3695085
2195914
3960503
2721583
3615214
1565059
1253873
2612729
3349985
4697546
2657690
1749525
807545
3247360
4473511
3179681
4075274
1889086
871775
4436015
3329622
944588
1418482
3911362
193486
1195038
2261451
252293
89509
1667912
4694866
3259866
3013715
42853
3651097
4117731
1102544
1396684
2074548
3412523
2908856
1835656
4604828
2918855
4269978
4042944
1330063
3815238
3365469
3212545
4022874
3073243
4200970
1567961
149968
3809204
3537191
2676932
157594
2108899
3694631
2689733
3381184
119635
3020547
1173683
1372767
3881768
4475410
155407
2150788
2081806
4321311
3919288
326195
3192373
3951978
134618
1253541
3663098
1891125
4007567
3002991
2785010
3280642
3944492
1813601
3523135
2760847
2902008
4477862
2741377
1695673
3181916
3145245
1714772
3822683
3923564
4252490
2755027
4454067
181573
1509687
3435420
932318
3982465
2680161
3786645
1001661
632128
63094
12038
1044062
2921401
3696432
4740505
4966244
2314585
756906
3547715
4889924
2977611
2876949
977376
818959
3187731
4977298
481545
3458699
1685789
2684639
3029169
3105929
2376880
2612671
3366867
910771
1013231
452531
2449931
2634403
4410337
1966736
3379876
105361
115980
4345077
2669256
1480918
2716690
733176
1342313
3973059
4333758
1372063
656491
1662353
1516276
4265915
34396
973413
1902935
1309247
234708
817226
140887
3889513
4055359
2355454
3213369
3819263
2046587
402477
1084776
2573621
878828
2658282
4698530
54894
4592904
4916143
343005
2918133
2781644
3922490
3258201
1827406
2089102
1209531
783718
3817378
1480807
2365922
1818506
1228559
3491732
1365526
2363204
3744261
3787457
1117702
2496469
2012469
605026
2220229
3750077
1390977
428396
91853
1051827
1455948
4474728
989311
1130542
1074214
3582824
489307
4967098
1420332
2630815
4394314
3828389
2341660
844954
2641287
1557422
4170570
1336126
2889164
1232437
2473875
1108730
2070198
1738659
308378
1979734
4669697
4298855
4791200
2507828
1741929
1530268
3388589
3415872
1481574
4475155
705895
848371
4422379
1132649
1333962
3817924
4732944
4284918
3756246
3722819
4188702
1175000
3237440
2029752
317512
270575
1420151
3038295
1211126
4630194
3088361
643828
4547061
1215986
3025637
2047633
2920751
1084790
3199514
497161
1354796
1840320
1804776
3897984
2903353
3692643
2705926
2887922
1105207
3650604
4556073
351154
171173
2205958
459355
2501104
1175000
2823793
4540613
4563509
641795
1233009
3259345
2566062
4803659
323795
1685484
2400025
3791097
4753064
1155174
295768
4751998
2624427
1769659
1330714
4973694
2475908
1138024
4316598
704137
4015243
1857428
2147727
4610274
4319283
1637680
1776210
2469433
3921040
3840727
1870087
3542712
1839922
4670786
2159977
3071357
677202
1111184
3219176
982695
2571551
1674746
1584158
147159
3955378
1394520
4497139
2125433
188545
3373617
1701645
93422
4105195
2859906
2668390
4796658
2082087
4164174
1402091
1346655
1604383
3368089
528006
2892149
3992572
2621561
1598668
4166707
2347806
341056
1245779
2395994
914405
4137191
3683398
69980
3793063
2405241
4502876
1502216
112758
4189910
40091
3805933
4231409
764201
4759755
4264744
4120854
3587119
1030909
2472252
3896206
3180624
4990924
3644180
3434067
847880
4277191
2292585
4271275
4015042
604985
418291
21613
1668594
2238163
2003928
3843729
3862577
1206049
848224
3929060
4133648
1134263
213175
3826812
1251308
3860431
750550
1582756
3999543
1652538
1278900
3341555
1059062
779112
2485176
605838
4852119
4530328
3525624
784925
699181
2425248
4619984
4878772
1939703
132475
3020879
1835211
2550536
736579
4243829
800403
1219001
2423650
2089625
538042
2335917
2417325
4726089
3672996
4736216
3546593
3988656
4700051
3930287
4479255
3977684
189260
4299499
1920796
1964319
1946412
1957055
88413
2558325
3474521
2880290
3191511
3489696
3446727
2046426
3141904
3682366
2766616
4750705
4396384
2687226
3874244
4998494
2418389
50576
4237176
135029
4050746
861075
3349197
250151
4227681
3249583
462489
4729069
1578538
1855744
3107360
1313947
4897816
334607
2618228
3123035
2948595
1965488
3702769
4187738
608501
3273992
603101
1136825
1026490
4808883
2444803
2364777
4033982
3314716
1760523
2957209
4025296
1880067
3585859
583020
2330202
3091385
3665932
1475478
4910248
3455704
4084809
2994699
3248605
1550291
3328077
2181696
4810959
3156092
2265846
2033042
4524469
2428479
1161606
4062082
3966250
2367468
1915140
3686348
2403454
1188288
3930006
3074275
1933424
1794963
4493875
2666454
4600027
4363099
2023192
2465380
596978
3602155
1788924
3763600
3850554
1676363
321399
2119306
3143779
2557330
509352
2345942
1556023
4553073
4519671
4275592
1623284
3064599
4451758
3261974
598229
18528
3749862
1332231
2338259
4338223
928179
2113245
940403
3855185
122022
350380
3067528
2973700
4374081
2643719
211726
3301137
4759876
2186480
4749535
3722685
2906412
2608619
1291715
4409674
4401084
104801
4943409
4874211
2727859
1236045
255880
1627347
4728268
2213031
948396
741200
4216215
51054
1061343
418969
2125327
1708660
2877138
2735934
761558
1433989
1137232
88136
845276
3144187
2213770
3406002
68827
4134341
2473912
1625039
4563983
3621897
3057778
2503907
1809130
3281153
4977296
2432033
1381959
2847055
1689667
4362452
1117868
143687
4417244
2882078
4471809
2641669
1515588
1517494
2021392
1601588
608767
3968433
958506
4152880
1145047
3889982
2170121
3023955
1663624
1790853
2692203
4030510
165260
476440
1172764
1247141
2119928
1382386
4842501
34443
1799503
2507187
942833
3976855
4896627
3717385
4814834
1637566
2521446
2229679
4606626
1882779
1818461
810784
2412556
2861674
3831836
4804274
212457
4566341
2628237
608212
4103272
3478219
875492
2690616
1167147
4765771
1364397
3432264
3485492
2574065
1146523
3058816
117090
2657233
3869874
3734807
2784368
299520
4168136
4190907
741562
2221483
2634978
4164626
1171314
3532328
216164
3652283
4045377
688343
1790587
2030757
4831124
2679775
2458701
1659704
1278542
1008532
2964126
1886521
181959
1176242
2336901
2924961
2825261
3013903
1136059
2781832
293607
3257639
4669644
4457835
2077036
3931010
1125489
1970111
4396064
3595609
3793858
4296811
2304574
1474169
4298433
531665
4618417
4916044
4293231
4140205
2752116
3117460
25452
47212
1858961
3428764
1276393
2832052
286352
278891
2144956
2881565
2360555
2564966
757196
4796726
1254424
3148078
1099446
3273465
1266216
4699363
3776255
3439808
3730860
4239435
3187543
4206125
3612727
2925921
843639
3802422
4443713
182206
1556718
3505982
4575989
4777915
1046114
41846
3730269
4151315
3727675
3938205
4988570
3234311
4034730
4294379
2366692
2616166
2717242
3229315
3365164
1935545
2790024
4230203
2212268
4991584
3738422
380245
1306311
1613640
4085662
1255615
164298
3174060
2793851
4237941
1340381
273362
3328654
2969711
1061346
2392966
2854411
4682484
4305574
1373373
3830682
1887961
1176301
4427935
3913582
2089193
1221949
180721
2039124
2252154
500749
1029006
4336299
1159296
4087497
3844140
3756300
607410
3122215
1661757
2554223
4896180
1706029
2007351
33711
3991319
1577333
519395
678389
4028617
2094900
3796678
2253801
2149944
3407675
883892
1284943
1660263
567337
4516498
1812837
3721533
1678679
1318075
395766
1021543
1995758
3123999
2644027
388242
3923957
3633048
3850311
2520167
2077486
3206741
1273663
1634521
1540166
1137044
3270216
4857757
4275266
227387
2823161
4715701
4803691
4011830
1650850
436532
4516822
1012282
2397084
2945857
1097975
1912863
2992200
373910
3672017
3558908
3604159
3519095
2267375
3007103
289557
2658206
2051010
975573
3002021
2699262
3746373
1679180
3579736
1899815
2071271
645141
3248302
3127437
1308388
3033170
1033317
1272002
4908472
353358
4949017
1349405
4775278
780420
353587
3263703
1644554
2990341
4742212
3552993
4390818
3676334
469400
1609054
4620124
1563655
4150728
4709465
4632136
1282028
872173
1631778
2952550
3883494
1453255
4363865
2360946
3809819
4713105
1097938
2576902
3990180
3700979
1797113
4688522
2228128
1204919
1921205
796052
2013065
3230111
4652296
3926504
1192241
705925
1202251
3199842
2086805
2961295
1269914
4060383
49743
99115
3352787
467329
2019749
3043211
2104086
2570300
1589751
2937387
2893042
2494637
4164225
4207228
3744912
208488
2635263
1423019
1036099
3440558
961051
4082798
736256
3664028
203093
2699542
4648989
3518014
3260733
2526626
1125541
3374333
4166291
766040
2898137
2436005
4633241
3222890
2710343
1285211
995822
1050070
3377275
425
3010252
1604653
1029639
2266924
1099390
885802
4114898
1032015
4026438
3604423
4924605
3215996
4383437
4765307
1366974
895580
2004709
2095866
2959831
4455788
4260774
884134
2698755
3035090
1006870
3574809
2166378
2412592
2142487
319339
1813556
3901944
849894
2213023
1504407
3846091
1384298
2826223
4153889
3020140
811598
2679568
554664
125393
1742166
1324681
1153849
1315419
705700
1705432
977645
4551136
547514
609105
1285626
891440
2476496
1651789
4401741
4372972
2782169
1660157
2359282
696312
2414482
2789837
4047218
344296
960786
805761
2892036
1636455
3982992
3197030
1637853
4279132
3146879
4518276
4623338
2371796
4044932
2972242
4981653
1354624
3636369
1368695
2415534
4478499
2292905
2442205
3470872
4664984
551527
1183571
99374
1891003
348818
591986
939189
521803
4486768
1206429
2843353
1092073
4923363
4631716
1618671
4356028
4794505
3478272
961358
4592872
1854131
1839496
115209
1497388
3509150
4720620
1277684
3393904
3472795
2551949
2801938
2490628
4179065
2182124
3958398
1354948
262215
3814266
3524497
720904
1911136
605171
385024
1251022
2488677
1626823
3541457
2476008
2820685
2357647
2607587
221985
4485777
2050963
27163
976077
4335676
1578607
4729476
4250519
2180306
1160465
1466932
390528
2547825
500080
3414423
3533414
665868
936215
4926795
4344622
1827708
2724305
3073260
3839517
1697739
343666
3365077
4104303
4031744
1010585
1687641
4116994
2265623
1493342
4393500
1697638
1423713
678918
1723854
1966744
919329
539344
3533851
4707370
3236201
860021
1595273
364577
372609
3774072
2868872
2439556
284444
1040350
4109943
4214478
806020
1349705
1231938
3710990
2737844
2110706
103913
4903367
382886
1394124
145431
2410088
3259384
4434486
421474
2394473
658594
2566344
1882665
4857218
4672921
2818897
2293768
2166099
35885
1160332
246140
2756231
1301017
2965497
955110
2312075
1397270
1252738
1210629
1762465
1394818
1492967
47056
4454192
4252609
1377608
847668
352479
4907662
375752
1029034
2007213
1812010
1654673
4930707
1892794
1977448
1584977
2983693
1989193
3453655
444812
2697522
4404383
3589663
1536719
3049086
384139
1237435
2414387
2775863
2606025
3856185
3057782
3334846
2297235
2136859
3876764
4939193
2302761
3123903
947827
3631715
4745690
1487455
231925
4457401
3150505
2716921
4325396
3454079
2939407
4873534
4640720
2205166
1696968
4656651
2085513
3375466
3141816
1932446
4516033
4949895
413054
4676805
2861378
95688
2734509
2924591
3400912
1655102
840937
3796793
1356667
2118843
1182677
923908
4464518
2024303
4113921
3681352
44901
4630751
1293462
3588151
725403
3666003
4540989
4722788
1108880
2652152
2414339
4870341
1220285
276857
4340029
3228044
2237668
3602519
505208
1763548
2562531
1437949
194862
181968
3746461
465111
4315773
2006072
516705
1185385
4259884
1023152
277983
3510168
240170
3734304
18378
3638023
193797
3490390
1707371
3938249
3634823
2108783
3799225
2289649
3227035
661168
1224919
4290480
1586930
2572490
486219
3724290
4656478
503238
1826150
3153195
2270926
3932159
2092909
2142593
3407505
4074119
3398051
4190803
1942870
366601
4866995
4278939
267122
2025640
2132991
2826473
3790928
935927
3823536
2582500
80950
355020
77023
4895754
3106051
73537
2530523
4266804
4612820
901906
1775741
3749399
3251076
4545128
1938207
4105080
1099330
3303392
105966
2494660
2304178
3441099
387862
2078327
2359592
4589393
4761100
2261203
737501
1951116
4018059
3182187
4396249
3822742
4636127
1378099
1441580
2069422
2853937
3457329
3234651
3091287
275385
4215479
2944294
4327696
624837
3101998
713291
4154434
950961
4573296
2128460
2656509
4305691
4279608
1222407
4693431
4198168
1100195
582534
1756230
2428186
3840614
1333735
4762506
3543988
899678
3456603
316232
3466187
1808833
2278859
2460192
2353684
4055096
3357087
1564423
1629903
2794398
927863
588691
2116175
4750092
287738
3933208
221853
8252
3425279
1063137
3049388
2991235
537225
2352844
1034269
3071329
2600894
4785744
1678870
2204336
2785477
2384742
4501930
404701
4947712
555366
480377
500426
2571988
432671
107561
4998500
2353177
375257
3784496
4440594
30588
1155018
4336612
3800905
4095845
4387575
4779702
1141066
3703722
919169
2506152
469713
2618409
2613045
351878
1108944
1135247
2558974
2728684
944674
1822344
2879117
2291328
1797426
3907260
3788613
3310755
4040779
1469852
135979
4618848
483950
4575373
2858645
159986
652314
4212648
3271399
3053593
3427407
4286888
3707941
4737217
873652
814277
1554623
3875972
2684457
1362487
1083568
3830426
2526687
4104694
1717484
745201
2257420
1637471
196185
2545130
4477248
4836560
2338562
4116812
3165690
3195476
3341579
1891790
1079045
448121
2022864
1580466
2726899
1442634
1385120
4635938
3020048
2090597
2748002
3131335
1368543
2787937
921001
1928144
36039
1954565
514610
2758851
888958
3850529
2030876
2272350
4099791
530879
4211732
4607036
4996802
4367031
2373487
3302031
4231736
465678
4740310
4095839
2282091
4503281
3930517
318168
3631988
1255792
3420792
2209539
4497408
415315
1852231
4426293
3860385
2072170
870078
3092019
4332758
3069285
3787456
1081893
3162856
4896664
4291588
4983803
3552624
1912293
74009
3785939
4167324
1763957
2613869
4969903
1659466
948994
4328886
4190426
2546400
233117
3301630
4635567
2437642
1787099
2067307
2224265
3805516
3060248
616533
132548
2825303
3084229
2186180
3820526
551944
980626
1150343
1158796
367007
3948866
3212721
327552
1710964
1031567
805216
766350