1345
83868
3453686
420802
2982198
1285806
3553878
267812
95657
1269849
4478892
2471506
1643454
4716809
2583072
2442782
2398708
3279663
4691411
552261
4504379
2297829
4398633
1251347
2235134
2948223
3250853
4284950
159399
4235385
737125
2760890
1989295
4909039
4633967
4996368
386343
4611222
1216037
1459784
945194
2974591
3652118
1977777
2541392
583304
1963604
3182244
1190365
2946574
3642478
3079780
3842863
4465590
3038168
4315388
4934536
2089235
1173037
3509300
2187361
2190640
777329
1427636
1802901
2551341
759681
2296900
199412
2849720
3877637
1507065
3909733
4283015
1699371
4942356
3585089
4060614
4479367
3508034
70322
3165804
1743027
819365
2448828
627232
2576788
1513783
3750119
1687463
2768772
1689589
1776193
4204702
4988629
947639
973778
1210940
1077752
3612317
1071863
2707087
2961272
883548
4364164
1632212
4873571
1411736
4456689
2310093
2101050
3613042
2305532
555617
345572
1522987
2982582
4036849
1830099
931763
2725699
2086446
291850
1986352
373133
8634
132
1