12
8
15
10
8
19
10
14
13
10
11
9
4
11
1
9
1
2
19
0
10
6
8
4
12
13
18
11
13
2
17
17
2
12
7
10
4
18
16
9
0
19
19
16
11
12
6
12
6
17
12
17
4
12
13
8
18
11
0
3
5
9
1
8
13
8
10
9
18
7
19
18
18
10
15
9
2
13
13
8
10
18
5
6
10
18
7
0
2
7
4
7
8
5
15
13
13
18
3
4
5
2
2
3
4
9
5
18
2
18
6
5
16
4
3
19
14
10
19
16
17
15
4
17
0
11
11
14
9
14
10
6
8
12
2
4
14
7
2
16
17
8
13
6
4
17
17
11
7
8
7
17
4
3
14
4
15
17
10
4
3
0
11
11
13
13
15
19
12
17
15
1
18
9
7
14
18
4
5
5
5
5
2
9
8
9
13
15
6
4
12
10
4
15
13
9
0
1
8
4
10
16
5
8
17
13
15
15
9
12
12
14
17
15
15
18
16
9
5
2
5
17
4
9
4
18
11
4
19
11
8
9
19
6
10
16
19
17
3
0
9
16
7
19
3
2
17
19
3
14
13
8
4
10
10
1