2542
325353
2712720
428736
696911
2233716
2404968
2305763
4903331
1673113
1129915
605887
4596599
3727088
4203094
1700858
758570
2184514
4895347
381288
4030313
25406
4552599
580712
2336383
1746901
1157427
2451019
3131920
4990646
3055085
570692
4300434
3309967
1296321
627865
250953
588574
4736614
3530345
1334646
1603438
913532
2126486
311598
149506
700692
3070599
163893
1340540
3537838
1376509
1027584
3052939
4198499
3078370
2234888
254745
1646105
4399735
4688476
2648921
2487309
1296697
3538290
4280220
2139147
2735211
731162
4458908
1818265
2615810
4512418
3997180
4865352
68339
108255
1380642
1843765
2233036
3189648
4279650
2246309
4630621
4134665
1379097
3521273
3776985
2546581
108071
4470402
2767750
162119
5442
3622729
4352473
1975785
1645511
4874696
4689967
553316
1922155
1328912
2264086
1246497
2646214
3521524
2738334
4591054
4448566
301812
3407006
4531598
572188
97290
2684976
4805606
1248382
2426936
770651
4132098
2834062
1599845
421783
1798742
4339870
4083410
2298300
4552542
1108245
3867582
3395449
1969867
1076816
675902
1631853
3929562
3380923
2537590
1292836
3891614
3036067
1252143
1817355
4960689
363198
1664532
4041280
3073479
422397
4605224
4323314
3834009
3006925
3095611
4968125
4942398
179013
2902565
366102
4465753
3924996
534664
1113511
2999753
1664651
444952
3414340
3339691
4501174
1082979
3682322
3623956
3047478
1978263
1289919
1844394
3136269
9139
2550895
4234756
4107903
1405191
4169886
1273968
2097514
2120038
291658
2291649
539021
2145445
4885420
2769289
3811511
4384518
2590717
4448388
2674035
251796
301156
4558997
601132
489445
3250818
4161297
496888
276308
4078129
543819
1687497
3334052
2326801
1250246
3418165
4323890
341955
4804279
4812609
2240143
2578075
581162
247575
4871425
882002
1302227
2585907
3604094
3223763
1591632
4796761
1705343
4435053
3144905
3018940
4425848
3355455
4926852
3627965
4734959
4699294
2078731
1626479
1232733
1871773
4226899
3434220
3837971
653959
3070676
3333389
2889565
4370912
3054979
34935
265
1