4745
1209638
779066
2373258
2990311
2766682
2707969
553884
3436627
4999720
1789334
97592
914379
2265776
1182741
4255348
3299730
3978992
3717515
3824358
2567481
1819043
2793212
3816499
2243013
3666569
3646934
959304
3235392
4646970
2720942
1171159
1955698
1559440
2625482
1552737
2746074
134938
1741536
3706840
2001950
389517
3490161
2876619
3862080
361289
2829950
3998781
2235733
1418468
3371174
3433251
2894126
931414
1729531
452520
4329812
3753244
4724338
2161531
1220305
4156262
3614829
4032242
3079732
1350992
1904761
152822
1204053
1928887
80110
3120280
259579
3853587
3931422
1742758
3110358
2784552
1044257
1427677
1231338
4066091
1385160
3613422
2026868
142762
3621722
3258
4577886
4390914
2938500
4360080
2762022
4320453
2949087
333653
4128861
2230715
260855
2499615
2961422
769007
2903492
2606270
1781917
4490018
563477
4943472
4381768
47651
2931039
940559
3005038
1318677
4613627
3123240
1327767
2054234
3735669
1801873
302923
1930732
4069714
2426780
4834494
108582
198542
4983400
447440
4944487
1776083
2368993
3194048
1787654
4222537
4349418
1919916
1568618
1919375
2864686
4330532
728619
3419717
1328812
70925
446675
2894998
1892465
1855987
915364
3424468
2259166
3437598
491901
4608103
4910736
2749533
4133825
4808993
745520
1019850
2628376
1447031
3880806
2908746
3591951
1775600
1973703
1928091
119788
2202107
2281289
3821790
3757231
1497443
4061247
3162161
3165674
1052471
1316800
1777245
2903074
3045989
1623679
130459
2862817
1491132
1720454
4707402
3131526
2373143
4242771
3161139
1664785
1457943
4559166
2024519
3511904
4403621
129177
3451148
3397637
1807076
4288654
2828124
2790221
3238081
4873309
4609841
3416739
3932935
4282937
4233518
3882118
3568444
572680
1839687
1418732
1012762
3856548
4412711
681637
2882028
1347657
662462
4531932
2952124
4086524
4191998
1834773
3176862
4325247
1817345
1743726
978891
4913054
4089594
2582959
1704815
4039217
4172299
2823468
874202
775349
401432
1161184
1749160
425198
4998046
1188071
1153429
3077794
3405643
3488369
3761269
1507780
4422210
1421802
584320
4388973
3496211
844862
1519837
3525098
1941337
4844205
1298581
4486326
354308
4218907
1641206
1767575
266798
3973655
4371453
3108853
3884102
3373022
2683176
414420
2529002
3857397
332714
740305
2059124
571219
3276315
4031615
554385
2973889
3462125
655783
1448618
4709712
4807771
541714
838328
2338137
1802394
4704509
2013057
1328674
133241
2857046
3217402
1968398
3410495
1221044
4763662
3498418
1620208
4449602
2889041
3135797
3936474
4267632
4500303
4070070
515887
1355655
4244688
3431222
3373615
841946
17746
2008438
2822515
3114338
1828006
3353999
1809875
2721564
3367898
4500048
4094618
3679330
1276141
1398768
3255177
1066231
3732628
477867
4791286
3543354
464186
2085637
4701808
2582896
781276
372924
3723195
2803104
3017404
1716305
3252453
3797442
4302614
3616858
1277014
3561907
2368911
4319878
2554478
560657
3849684
4244848
1928820
3569645
3281332
527604
91016
1629717
2636103
3069266
1231683
3997739
2960270
1714634
4173996
2981513
3000815
2554082
4914347
2497609
3299234
1988578
2377872
2666058
4278581
3573258
4221639
2229063
1875616
1350058
3931486
2518836
4770515
1004225
2754727
3061624
2653727
552357
2857418
329926
607208
298920
4762300
4529806
3827457
4583057
401090
3004314
2697438
3029051
4885909
423327
4595745
299003
1708003
2272211
500611
2828920
1829465
2972770
4841858
3910874
3296726
4243000
3761214
1457755
482873
3915158
3143604
2088344
1513465
2314744
222390
396430
3082541
2289226
3379217
3371195
4965082
3573167
2768863
4451661
4813775
4746683
852936
2264338
1936420
1381073
3707718
562665
556876
2433537
4310289
2915444
4864378
3789512
207551
1558624
1117413
1255769
1803956
2174004
4323274
4904471
1921470
3067529
1977644
4864052
2249333
2082304
990164
4561157
4098093
1658741
4785877
2468138
3453472
2188519
4016459
4897301
4376332
3591886
582374
3286746
2389901
1340501
1729309
686625
3091596
540700
3528917
2489610
2953987
3441879
4046754
4678397
4027803
3492496
1195175
2038295
2136225
1109531
1235846
596904
3926020
137446
525
1