8
0
1
5
19
4
5
0
16
11
2
12
2
19
8
3
1
16
2
0
11
16
9
10
0
3
15
8
7
5
18
16
5
11
13
16
8
18
9
4
10
3
8
12
3
16
7
4
4
9
4
15
18
5
17
18
8
13
18
16
10
17
4
8
0
17
16
8
15
17
12
17
1
13
10
4
1
17
0
6
19
16
1
17
1
19
7
9
4
5
17
6
2
13
6
15
10
3
3
18
12
8
7
13
13
17
17
14
7
9
0
18
5
14
7
18
13
14
0
9
19
17
7
14
3
14
1
13
9
16
3
1
4
3
7
17
0
4
4
19
6
4
9
3
18
16
2
3
2
14
4
14
3
12
8
6
18
1
12
19
17
7
12
14
10
19
11
3
16
7
2
2
12
4
17
2
12
11
6
15
5
2
9
9
14
9
7
4
10
19
15
7
7
8
1
17
19
5
0
15
4
15
9
16
19
19
11
3
10
17
18
16
19
19
17
6
0
4
2
2
16
18
2
3
6
15
12
17
0
5
13
17
0
14
13
11
13
4
14
4
13
5
12
5
4
1
3
5
17
5
7
13
15
9
8
13
5
1
11
17
6
16
14
18
10
0
9
16
16
15
12
2
0
4
7
5
17
2
2
14
7
1
8
15
3
8
8
0
9
19
9
7
15
16
5
18
8
6
14
4
2
6
6
2
2
5
19
19
7
13
13
7
7
13
2
10
2
2
2
3
2
11
3
9
19
8
7
7
7
13
4
9
19
2
3
13
8
15
12
7
0
18
6
7
3
0
9
17
3
11
1
5
15
16
6
14
16
14
14
3
19
18
4
11
0
8
4
0
15
9
0
15
7
6
15
10
19
4
0
2
16
13
19
11
9
5
17
5
11
11
9
11
9
13
2
2
13
6
2
0
15
14
8
14
1
3
17
12
7
17
14
3
2
13
6
11
10
4
8
2
15
17
5
5
3
7
7
8
5
1
1
13
16
9
19
9
12
8
1
19
5
7
15
19
0
1
10
2
17
19
4
13
8
9
10
3
8
17
12
6
10
5
11
18
14
2
7
6
11
0
17
8
7
4
8
19
18
18
2
15
9
18
8
18
0
18
13
0
7
5
18
18
10
9
8
16
12
16
14
3
8
4
11
8
8
11
19
6
10
1
14
1