  -3.00000000000000       -3.00000000000000       0.000000000000000E+000
   3.00000000000000       -3.00000000000000       0.000000000000000E+000
   3.00000000000000        3.00000000000000       0.000000000000000E+000
  -3.00000000000000        3.00000000000000       0.000000000000000E+000
  -2.79310344827663       -3.00000000000000       0.000000000000000E+000
  -2.58620689655325       -3.00000000000000       0.000000000000000E+000
  -2.37931034482988       -3.00000000000000       0.000000000000000E+000
  -2.17241379310651       -3.00000000000000       0.000000000000000E+000
  -1.96551724138314       -3.00000000000000       0.000000000000000E+000
  -1.75862068965977       -3.00000000000000       0.000000000000000E+000
  -1.55172413793639       -3.00000000000000       0.000000000000000E+000
  -1.34482758621274       -3.00000000000000       0.000000000000000E+000
  -1.13793103448898       -3.00000000000000       0.000000000000000E+000
 -0.931034482765225       -3.00000000000000       0.000000000000000E+000
 -0.724137931041470       -3.00000000000000       0.000000000000000E+000
 -0.517241379317714       -3.00000000000000       0.000000000000000E+000
 -0.310344827593959       -3.00000000000000       0.000000000000000E+000
 -0.103448275870204       -3.00000000000000       0.000000000000000E+000
  0.103448275853934       -3.00000000000000       0.000000000000000E+000
  0.310344827578454       -3.00000000000000       0.000000000000000E+000
  0.517241379302975       -3.00000000000000       0.000000000000000E+000
  0.724137931027496       -3.00000000000000       0.000000000000000E+000
  0.931034482752017       -3.00000000000000       0.000000000000000E+000
   1.13793103447654       -3.00000000000000       0.000000000000000E+000
   1.34482758620106       -3.00000000000000       0.000000000000000E+000
   1.55172413792567       -3.00000000000000       0.000000000000000E+000
   1.75862068965058       -3.00000000000000       0.000000000000000E+000
   1.96551724137548       -3.00000000000000       0.000000000000000E+000
   2.17241379310039       -3.00000000000000       0.000000000000000E+000
   2.37931034482529       -3.00000000000000       0.000000000000000E+000
   2.58620689655019       -3.00000000000000       0.000000000000000E+000
   2.79310344827510       -3.00000000000000       0.000000000000000E+000
   3.00000000000000       -2.79310344827663       0.000000000000000E+000
   3.00000000000000       -2.58620689655325       0.000000000000000E+000
   3.00000000000000       -2.37931034482988       0.000000000000000E+000
   3.00000000000000       -2.17241379310651       0.000000000000000E+000
   3.00000000000000       -1.96551724138314       0.000000000000000E+000
   3.00000000000000       -1.75862068965977       0.000000000000000E+000
   3.00000000000000       -1.55172413793639       0.000000000000000E+000
   3.00000000000000       -1.34482758621274       0.000000000000000E+000
   3.00000000000000       -1.13793103448898       0.000000000000000E+000
   3.00000000000000      -0.931034482765225       0.000000000000000E+000
   3.00000000000000      -0.724137931041470       0.000000000000000E+000
   3.00000000000000      -0.517241379317714       0.000000000000000E+000
   3.00000000000000      -0.310344827593959       0.000000000000000E+000
   3.00000000000000      -0.103448275870204       0.000000000000000E+000
   3.00000000000000       0.103448275853934       0.000000000000000E+000
   3.00000000000000       0.310344827578454       0.000000000000000E+000
   3.00000000000000       0.517241379302975       0.000000000000000E+000
   3.00000000000000       0.724137931027496       0.000000000000000E+000
   3.00000000000000       0.931034482752017       0.000000000000000E+000
   3.00000000000000        1.13793103447654       0.000000000000000E+000
   3.00000000000000        1.34482758620106       0.000000000000000E+000
   3.00000000000000        1.55172413792567       0.000000000000000E+000
   3.00000000000000        1.75862068965058       0.000000000000000E+000
   3.00000000000000        1.96551724137548       0.000000000000000E+000
   3.00000000000000        2.17241379310039       0.000000000000000E+000
   3.00000000000000        2.37931034482529       0.000000000000000E+000
   3.00000000000000        2.58620689655019       0.000000000000000E+000
   3.00000000000000        2.79310344827510       0.000000000000000E+000
   2.79310344827663        3.00000000000000       0.000000000000000E+000
   2.58620689655325        3.00000000000000       0.000000000000000E+000
   2.37931034482988        3.00000000000000       0.000000000000000E+000
   2.17241379310651        3.00000000000000       0.000000000000000E+000
   1.96551724138314        3.00000000000000       0.000000000000000E+000
   1.75862068965977        3.00000000000000       0.000000000000000E+000
   1.55172413793639        3.00000000000000       0.000000000000000E+000
   1.34482758621274        3.00000000000000       0.000000000000000E+000
   1.13793103448898        3.00000000000000       0.000000000000000E+000
  0.931034482765225        3.00000000000000       0.000000000000000E+000
  0.724137931041470        3.00000000000000       0.000000000000000E+000
  0.517241379317714        3.00000000000000       0.000000000000000E+000
  0.310344827593959        3.00000000000000       0.000000000000000E+000
  0.103448275870204        3.00000000000000       0.000000000000000E+000
 -0.103448275853934        3.00000000000000       0.000000000000000E+000
 -0.310344827578454        3.00000000000000       0.000000000000000E+000
 -0.517241379302975        3.00000000000000       0.000000000000000E+000
 -0.724137931027496        3.00000000000000       0.000000000000000E+000
 -0.931034482752017        3.00000000000000       0.000000000000000E+000
  -1.13793103447654        3.00000000000000       0.000000000000000E+000
  -1.34482758620106        3.00000000000000       0.000000000000000E+000
  -1.55172413792567        3.00000000000000       0.000000000000000E+000
  -1.75862068965058        3.00000000000000       0.000000000000000E+000
  -1.96551724137548        3.00000000000000       0.000000000000000E+000
  -2.17241379310039        3.00000000000000       0.000000000000000E+000
  -2.37931034482529        3.00000000000000       0.000000000000000E+000
  -2.58620689655019        3.00000000000000       0.000000000000000E+000
  -2.79310344827510        3.00000000000000       0.000000000000000E+000
  -3.00000000000000        2.79310344827663       0.000000000000000E+000
  -3.00000000000000        2.58620689655325       0.000000000000000E+000
  -3.00000000000000        2.37931034482988       0.000000000000000E+000
  -3.00000000000000        2.17241379310651       0.000000000000000E+000
  -3.00000000000000        1.96551724138314       0.000000000000000E+000
  -3.00000000000000        1.75862068965977       0.000000000000000E+000
  -3.00000000000000        1.55172413793639       0.000000000000000E+000
  -3.00000000000000        1.34482758621274       0.000000000000000E+000
  -3.00000000000000        1.13793103448898       0.000000000000000E+000
  -3.00000000000000       0.931034482765225       0.000000000000000E+000
  -3.00000000000000       0.724137931041470       0.000000000000000E+000
  -3.00000000000000       0.517241379317714       0.000000000000000E+000
  -3.00000000000000       0.310344827593959       0.000000000000000E+000
  -3.00000000000000       0.103448275870204       0.000000000000000E+000
  -3.00000000000000      -0.103448275853934       0.000000000000000E+000
  -3.00000000000000      -0.310344827578454       0.000000000000000E+000
  -3.00000000000000      -0.517241379302975       0.000000000000000E+000
  -3.00000000000000      -0.724137931027496       0.000000000000000E+000
  -3.00000000000000      -0.931034482752017       0.000000000000000E+000
  -3.00000000000000       -1.13793103447654       0.000000000000000E+000
  -3.00000000000000       -1.34482758620106       0.000000000000000E+000
  -3.00000000000000       -1.55172413792567       0.000000000000000E+000
  -3.00000000000000       -1.75862068965058       0.000000000000000E+000
  -3.00000000000000       -1.96551724137548       0.000000000000000E+000
  -3.00000000000000       -2.17241379310039       0.000000000000000E+000
  -3.00000000000000       -2.37931034482529       0.000000000000000E+000
  -3.00000000000000       -2.58620689655019       0.000000000000000E+000
  -3.00000000000000       -2.79310344827510       0.000000000000000E+000
  -1.13263228214407       -1.83781473898408       0.000000000000000E+000
   1.83782478736287       -1.20341570999956       0.000000000000000E+000
   1.11218164166517        1.74469131533467       0.000000000000000E+000
  -1.74468161527583        1.11219837747711       0.000000000000000E+000
  -2.12249523293265       -1.54314638964808       0.000000000000000E+000
   1.61968805736915       -2.10477609037396       0.000000000000000E+000
  -1.89213757456829       -1.92878616654067       0.000000000000000E+000
   1.88121992074454        1.87344336335661       0.000000000000000E+000
  -1.87344531138390        1.88121992074454       0.000000000000000E+000
  -2.11858263064839       -2.01663418335430       0.000000000000000E+000
  -2.00839758485112        2.06659637637759       0.000000000000000E+000
   2.06659637637759        2.00839672088585       0.000000000000000E+000
  -2.20479415736843       -2.20401540530033       0.000000000000000E+000
   2.14625179946400       -2.18134515596143       0.000000000000000E+000
  -2.20159575575133        2.19209120322647       0.000000000000000E+000
   2.19209120322647        2.20159556121568       0.000000000000000E+000
   2.34006197413477       -2.28851526788480       0.000000000000000E+000
  -2.32421483896651       -2.34728605383569       0.000000000000000E+000
  -2.34716308798554        2.32404106284726       0.000000000000000E+000
   2.32404106284726        2.34716308798554       0.000000000000000E+000
  -2.61659577151812       -2.62446984984536       0.000000000000000E+000
   2.62463213470764       -2.61598211765996       0.000000000000000E+000
   2.61659253249915        2.62447592032214       0.000000000000000E+000
  -2.62447592032214        2.61659253249915       0.000000000000000E+000
   2.71439905569205       -2.87608594671493       0.000000000000000E+000
  -2.87609011785348       -2.71439522933392       0.000000000000000E+000
  -2.71439547215299        2.87608998743051       0.000000000000000E+000
   2.87608998743051        2.71439547215299       0.000000000000000E+000
  5.504698742721244E-002   1.39098519694391       0.000000000000000E+000
 -5.938427826519867E-002  -1.41146867242645       0.000000000000000E+000
   1.47168191127435       4.117134302898539E-002  0.000000000000000E+000
  -1.38920492374898       5.581474345016597E-002  0.000000000000000E+000
  -1.17653200424680        1.03248450034811       0.000000000000000E+000
   1.18685401042131       -1.05213145316938       0.000000000000000E+000
  -2.25110569227283      -0.805338097518217       0.000000000000000E+000
   2.26228075909713       0.845835902081645       0.000000000000000E+000
 -0.806928306624803        2.25153188425371       0.000000000000000E+000
  0.794218797856422       -2.30176940314102       0.000000000000000E+000
  0.377502288833470        2.41281663402627       0.000000000000000E+000
  -2.41296936019676       0.377502288833470       0.000000000000000E+000
 -0.378897585463178       -2.41355981454825       0.000000000000000E+000
  -1.03580805316732       -2.44514228401374       0.000000000000000E+000
  -2.46136821335406        1.03523925974521       0.000000000000000E+000
   1.03523924788267        2.46134929196664       0.000000000000000E+000
   2.50942135029095       -1.02241295417795       0.000000000000000E+000
  -2.49921323800044       -1.35082392646145       0.000000000000000E+000
   1.33829987082133       -2.48079658169899       0.000000000000000E+000
  -1.33090468559735        2.51634336065525       0.000000000000000E+000
   2.53880487193647        1.30640909457356       0.000000000000000E+000
   1.20864173280010        2.51851515912347       0.000000000000000E+000
  -2.51852381143290        1.20864174269982       0.000000000000000E+000
   2.48538737073081       -1.20635629980581       0.000000000000000E+000
  -1.15860726747535       -2.65612255324504       0.000000000000000E+000
   1.53468064493862       -2.54200765391359       0.000000000000000E+000
  -2.51411183385175       -1.54825054457317       0.000000000000000E+000
  -1.53166697440888        2.53492683242634       0.000000000000000E+000
   2.53492162898201        1.53163856959668       0.000000000000000E+000
   2.28737681331897       -1.48367018068716       0.000000000000000E+000
  -1.45625577035868       -2.29888085513470       0.000000000000000E+000
  -1.61285440127922       -2.36435527328445       0.000000000000000E+000
  -2.43954655556311        1.64961477805126       0.000000000000000E+000
   1.64961477805126        2.43954517079090       0.000000000000000E+000
   1.75320448651292       -2.46490446541609       0.000000000000000E+000
  -1.81345686055339       -2.44467612297020       0.000000000000000E+000
   2.62024510376701       -1.71728244189848       0.000000000000000E+000
   1.80700486088677        2.48937809019262       0.000000000000000E+000
  -2.48937852010168        1.80700486088677       0.000000000000000E+000
  -2.48631061148472       -1.86425775054690       0.000000000000000E+000
  -1.86425775054690        2.48630308548581       0.000000000000000E+000
   2.48630308548581        1.86425775054690       0.000000000000000E+000
   2.01655170635587        2.56249604431462       0.000000000000000E+000
   2.55518501436125       -1.93537167561610       0.000000000000000E+000
  -2.56249624554578        2.01655170650936       0.000000000000000E+000
  -2.00622319951717       -2.54963774815167       0.000000000000000E+000
   1.94503513698145       -2.55896084116957       0.000000000000000E+000
  -2.56457488711569       -1.99136091773636       0.000000000000000E+000
  -1.99136091773636        2.56457332530802       0.000000000000000E+000
   2.56457332530802        1.99136091773636       0.000000000000000E+000
   2.68787845510173       -2.28012182169171       0.000000000000000E+000
  -2.22067679644057       -2.62925826140569       0.000000000000000E+000
  -2.81276052340814       -2.53231744848349       0.000000000000000E+000
   2.53233408550891       -2.81274440807864       0.000000000000000E+000
   2.81275994572098        2.53231852382510       0.000000000000000E+000
  -2.53231852382510        2.81275994572098       0.000000000000000E+000
  -2.75078856384939        2.46431998089079       0.000000000000000E+000
   2.77897383518191       -2.46137618039944       0.000000000000000E+000
   2.46431998089079        2.75078855949383       0.000000000000000E+000
  -2.45021486764421       -2.77590935566324       0.000000000000000E+000
  -2.71878904991316       -2.79194908678051       0.000000000000000E+000
   2.79241297646115       -2.72029296026017       0.000000000000000E+000
  -2.79196061456626        2.71878134925750       0.000000000000000E+000
   2.71878134925750        2.79196061456626       0.000000000000000E+000
  -1.68625819838221       -1.88331894802524       0.000000000000000E+000
  -1.69820315986637        1.72266569726457       0.000000000000000E+000
   1.60218863582171       -1.89809307669140       0.000000000000000E+000
   1.72266569726457        1.69819278599376       0.000000000000000E+000
  0.863653233368923       6.523791007525422E-002  0.000000000000000E+000
 -2.176966504548476E-002  0.873773032907471       0.000000000000000E+000
  0.662761836483615      -0.573220653482425       0.000000000000000E+000
 -0.577650743332140      -0.646452379841474       0.000000000000000E+000
 -0.646430846701018       0.576095743364741       0.000000000000000E+000
  0.568453135699939       0.699390834108362       0.000000000000000E+000
 -0.744124071342320       -1.63624257509699       0.000000000000000E+000
  0.725209071638086        1.61348628009707       0.000000000000000E+000
  -1.61341067314161       0.725282040330506       0.000000000000000E+000
   1.75626091847875      -0.788833377345944       0.000000000000000E+000
 -0.549023897149982        1.24202594066669       0.000000000000000E+000
  -1.24376497801413      -0.548553661411245       0.000000000000000E+000
  0.505197269898890       -1.25678520880051       0.000000000000000E+000
   1.46768980027771       -1.51919480991816       0.000000000000000E+000
  -1.52263775123419        1.54525453893619       0.000000000000000E+000
   1.54500836780020        1.52304710395682       0.000000000000000E+000
  -1.47931218485113       -1.47339284929176       0.000000000000000E+000
 -0.468364358592246       -1.17998342086023       0.000000000000000E+000
  -1.19405183889771       0.485789683332579       0.000000000000000E+000
  0.483026891120813        1.19158875412330       0.000000000000000E+000
   1.88728945119953      -0.106809337558433       0.000000000000000E+000
 -0.274802649225016       -1.99475189721217       0.000000000000000E+000
  0.433797799177941       -1.90015829507974       0.000000000000000E+000
  -1.85558661911301      -0.431420250318837       0.000000000000000E+000
 -0.427813549106975        1.86762455740205       0.000000000000000E+000
  -1.45107694179399        1.98060175086395       0.000000000000000E+000
   1.98034701690843        1.45132744271292       0.000000000000000E+000
  -1.95961868424374       -1.43008669049883       0.000000000000000E+000
   2.16718759350590      -0.915015356607946       0.000000000000000E+000
 -0.733737368009527       -2.10286765219894       0.000000000000000E+000
  -2.15390235653809       0.776210201932477       0.000000000000000E+000
  0.776207595712440        2.15382415010566       0.000000000000000E+000
 -0.535972523869765        2.71057672759390       0.000000000000000E+000
   2.70854716192886       0.533805327899811       0.000000000000000E+000
  -2.71093248313797      -0.535972523869765       0.000000000000000E+000
  0.535791414297675       -2.71128823868203       0.000000000000000E+000
   2.81608199975999      -0.200799692522160       0.000000000000000E+000
 -0.181472649793669       -2.79964995379174       0.000000000000000E+000
  -2.79956917014901       0.180354007512214       0.000000000000000E+000
  0.180354007512214        2.79948838650629       0.000000000000000E+000
   1.52502513724100       -1.13077421288024       0.000000000000000E+000
  -1.11136136337291       -1.50161121018598       0.000000000000000E+000
  -1.49083389562527        1.12787584115141       0.000000000000000E+000
   1.12766083107554        1.49132461930190       0.000000000000000E+000
  0.884858177093831       -2.66282875336348       0.000000000000000E+000
   1.27001204119066       -2.01895768974289       0.000000000000000E+000
  -2.15264276927357       -1.19046839867068       0.000000000000000E+000
  -1.19134395690909        2.15072286962635       0.000000000000000E+000
   2.15071650152364        1.19106902356213       0.000000000000000E+000
   2.27057330208594       -1.28298752383725       0.000000000000000E+000
   2.11984168319861       -1.58401617819164       0.000000000000000E+000
   1.92233496210120       -1.57397579868451       0.000000000000000E+000
  -1.62144321759634       -2.03543633276066       0.000000000000000E+000
  -1.86896282087391        1.56936212291889       0.000000000000000E+000
   1.56936212291889        1.86895718220617       0.000000000000000E+000
  -1.49569580605028       -1.88868186061814       0.000000000000000E+000
   1.30488313112161        2.21132843322425       0.000000000000000E+000
  -2.21134064134624        1.30488347833580       0.000000000000000E+000
  -1.55768520433001       -2.67465359888474       0.000000000000000E+000
  -1.76291331879437       -2.67487075231739       0.000000000000000E+000
   1.37093996608719        2.67348340549609       0.000000000000000E+000
  -2.67348476467735        1.37093996608719       0.000000000000000E+000
  -2.69809362785767        1.76754859823915       0.000000000000000E+000
   1.76754859732747        2.69809326867715       0.000000000000000E+000
  0.510178279562648        2.77846344671526       0.000000000000000E+000
  -2.77850825042286       0.510178689859245       0.000000000000000E+000
 -0.542074994751480       -2.76650370987339       0.000000000000000E+000
   2.79436469715291      -0.590032008369012       0.000000000000000E+000
   2.63051373245517       -1.52500392739219       0.000000000000000E+000
   1.53801722881889        2.73047717330994       0.000000000000000E+000
  -2.73047746380071        1.53801722881889       0.000000000000000E+000
  -2.34761594127179       -1.79192126725158       0.000000000000000E+000
   2.34598771120535        1.79186566250232       0.000000000000000E+000
  -1.79186872963818        2.34598798825284       0.000000000000000E+000
   2.68077592092459        1.43922964518189       0.000000000000000E+000
  -1.43013178560734        2.64678371559410       0.000000000000000E+000
  -2.66834073111039       -1.47616974666101       0.000000000000000E+000
   1.50054050397263       -2.79067304087098       0.000000000000000E+000
   2.69079280946823        1.82317682236646       0.000000000000000E+000
  -1.82317806771928        2.69079353559650       0.000000000000000E+000
  -2.69085359760042       -1.82317404071616       0.000000000000000E+000
  -1.41500987422728       -2.10183829852016       0.000000000000000E+000
   2.07361418264877       -1.43746865388595       0.000000000000000E+000
  -2.33059500098094       -1.99282106083916       0.000000000000000E+000
  -1.99072756904184        2.32060130814952       0.000000000000000E+000
   2.32060126857131        1.99072697966516       0.000000000000000E+000
   2.51478758742584      -0.823686950265015       0.000000000000000E+000
  -2.51612393506668       -1.14372087216834       0.000000000000000E+000
   1.14522448067930       -2.45334565053610       0.000000000000000E+000
  0.825313206790163        2.75351400567956       0.000000000000000E+000
  -2.75353347482324       0.825313249710591       0.000000000000000E+000
 -0.843607190438242       -2.69688112176887       0.000000000000000E+000
  -1.78276854563433       -2.22568523264520       0.000000000000000E+000
   1.74638841707969       -2.70123890901114       0.000000000000000E+000
   1.12600468161001        2.73245034412838       0.000000000000000E+000
  -2.73245350478672        1.12600468161001       0.000000000000000E+000
   2.80385666694578       -1.22479812416744       0.000000000000000E+000
  -2.02428397548572       -2.79248580866812       0.000000000000000E+000
 -0.751398739597443       -2.55971278106946       0.000000000000000E+000
  -2.04114288790334        2.79214475841651       0.000000000000000E+000
   2.79214459839488        2.04114261345682       0.000000000000000E+000
  -2.79216657384930       -2.04115400141823       0.000000000000000E+000
  -2.31767753412937        1.96636462402722       0.000000000000000E+000
   1.96636462402722        2.31767714194252       0.000000000000000E+000
   2.34233234695455       -2.06812942915914       0.000000000000000E+000
  -2.00491813168417       -2.33446263889231       0.000000000000000E+000
   2.02036917549035       -2.79453595312246       0.000000000000000E+000
   1.95503386889087       -2.31262111513348       0.000000000000000E+000
  -2.24971210155061       -2.84333261743007       0.000000000000000E+000
  -2.79516218429444        2.23635167769172       0.000000000000000E+000
   2.23635167766458        2.79516215397463       0.000000000000000E+000
   2.84620272014133       -2.24053843165362       0.000000000000000E+000
  -2.54566918715061       0.726204950071258       0.000000000000000E+000
  0.726204730666418        2.54561785154243       0.000000000000000E+000
   2.24313815752288       -1.82004918742419       0.000000000000000E+000
   2.81028085100670        2.28847526484294       0.000000000000000E+000
  -2.28847531787383        2.81028088189864       0.000000000000000E+000
  -2.81030778262377       -2.28849111922207       0.000000000000000E+000
   2.28265321774141       -2.81030282086777       0.000000000000000E+000
   2.14296627302474       -2.40676633915931       0.000000000000000E+000
  -2.41329167726495       -2.16365322737374       0.000000000000000E+000
   2.41290425097316        2.16324595340521       0.000000000000000E+000
  -2.16324595340521        2.41290425097316       0.000000000000000E+000
   2.85349522203308      -0.868239188398167       0.000000000000000E+000
  -2.38524414949536        2.15750875731299       0.000000000000000E+000
   2.15750875728229        2.38524398941571       0.000000000000000E+000
  -2.17666891034423       -2.41213726923549       0.000000000000000E+000
   2.52837393755450        1.70876002623536       0.000000000000000E+000
  -1.70876915445027        2.52837560365945       0.000000000000000E+000
  -2.52554562839495       -1.71125794709807       0.000000000000000E+000
   1.59166334894735       -2.32367837005825       0.000000000000000E+000
   2.80091053738475       -1.62586126016148       0.000000000000000E+000
   2.31914644278864       -2.48659153837888       0.000000000000000E+000
  -2.48830592764855       -2.32643081516126       0.000000000000000E+000
   2.48811674409695        2.32631993680031       0.000000000000000E+000
  -2.32631994590364        2.48811674916297       0.000000000000000E+000
   2.27363668156485       -1.67415587049714       0.000000000000000E+000
  -1.66425699469116        1.98980422339398       0.000000000000000E+000
   1.98975701167980        1.66429378153525       0.000000000000000E+000
  -2.58116022376357        2.25106000516654       0.000000000000000E+000
   2.25106000513170        2.58116015643217       0.000000000000000E+000
  -2.28956992505269       -2.49719730844476       0.000000000000000E+000
  -2.32102450613535       -1.46322663500702       0.000000000000000E+000
   2.17731587522378        1.54005675356866       0.000000000000000E+000
  -1.54004275333478        2.17738068364886       0.000000000000000E+000
   2.46105311688409       -1.40538669372542       0.000000000000000E+000
  -1.96679778976352       -1.62574925176743       0.000000000000000E+000
   2.43601752413224       -1.79300414059388       0.000000000000000E+000
   2.53004949238678       -2.40895859611251       0.000000000000000E+000
  -2.87759652320866       -2.85988955287791       0.000000000000000E+000
   2.85998309608566       -2.87789647105035       0.000000000000000E+000
   2.87759495699293        2.85989190699887       0.000000000000000E+000
  -2.85989190699887        2.87759495699293       0.000000000000000E+000
  -2.50756955527195        2.46269462949045       0.000000000000000E+000
   2.46269462672113        2.50756953844960       0.000000000000000E+000
  -2.44710352352615       -2.51546366709181       0.000000000000000E+000
   2.61761669110183        2.20594344343050       0.000000000000000E+000
  -2.20594350038117        2.61761672423416       0.000000000000000E+000
  -2.61773080550591       -2.20603480917748       0.000000000000000E+000
   2.18896274373239       -2.61599454389010       0.000000000000000E+000
  -2.41550958980741        2.63203744637599       0.000000000000000E+000
   2.63203743486094        2.41550956966363       0.000000000000000E+000
  -2.63213405570511       -2.41553461816358       0.000000000000000E+000
   2.41127042479979       -2.63267815181824       0.000000000000000E+000
  0.374528658965155      -0.325018103269018       0.000000000000000E+000
  0.326721132380443       0.375448454271604       0.000000000000000E+000
 -0.329115810196630      -0.370923831832802       0.000000000000000E+000
 -0.371268104764298       0.328445621247750       0.000000000000000E+000
  2.922321195219168E-002 -0.497732591973204       0.000000000000000E+000
 -0.498466762086201      -2.958643803212233E-002  0.000000000000000E+000
 -3.037259239005358E-002  0.499055565803176       0.000000000000000E+000
  0.499871783066470       3.849655770254940E-002  0.000000000000000E+000
  -1.13569441272634        1.35931911348953       0.000000000000000E+000
  -1.36718073075945       -1.16032461374654       0.000000000000000E+000
   1.11213847551703       -1.38337356482288       0.000000000000000E+000
 -0.912474775560136      -0.602952000850843       0.000000000000000E+000
 -0.603237628635558       0.910697843197931       0.000000000000000E+000
  0.605760336798444      -0.912838396997993       0.000000000000000E+000
 -0.334837131398664       0.700338774458544       0.000000000000000E+000
  0.336018171716907      -0.700555193161391       0.000000000000000E+000
 -0.701174399379248      -0.334533753980153       0.000000000000000E+000
 -0.350932298036224       -1.57094545234132       0.000000000000000E+000
  0.361360920399935        1.60096934240714       0.000000000000000E+000
  -1.60150049745540       0.361471847991581       0.000000000000000E+000
  0.842068465593390       -1.12697466219382       0.000000000000000E+000
 -0.846147199385741        1.12741832596219       0.000000000000000E+000
  -1.13007895562345      -0.846433547823898       0.000000000000000E+000
  0.921374346761748      -0.799432364542999       0.000000000000000E+000
  0.743055433574450      -0.239759657983076       0.000000000000000E+000
  -1.25429515656305       -1.37106503770924       0.000000000000000E+000
  -1.33380265956707        1.25485817403347       0.000000000000000E+000
   1.30204363487344        1.37249300886153       0.000000000000000E+000
 -0.774111034482614        1.46055960056091       0.000000000000000E+000
   1.07076573857147       0.880718188957160       0.000000000000000E+000
  -1.46294843606940      -0.773991216321465       0.000000000000000E+000
   2.34270935338774       0.440432194771605       0.000000000000000E+000
 -0.255991552753443      -0.719054565696463       0.000000000000000E+000
 -0.718911219474204       0.254646237512008       0.000000000000000E+000
 -0.791604794289592      -0.914073069101560       0.000000000000000E+000
  0.415585303790978       -2.34874405376656       0.000000000000000E+000
 -0.913259622377798       0.788885605093836       0.000000000000000E+000
 -0.409730796389973        2.34497649801812       0.000000000000000E+000
  -2.34562511503945      -0.409597870999464       0.000000000000000E+000
   2.02963668352807      -0.569729259013416       0.000000000000000E+000
   1.47652953083834      -0.923036594634544       0.000000000000000E+000
 -8.475732883237097E-002   1.95255777036172       0.000000000000000E+000
  -1.95317697588477      -8.458046288768373E-002  0.000000000000000E+000
  0.103518327895910       -2.04776042372752       0.000000000000000E+000
   2.27990096088749      -0.150972145267075       0.000000000000000E+000
  0.253824392963497       -2.16209983379052       0.000000000000000E+000
   2.70157389273859       0.154538999067758       0.000000000000000E+000
  0.859843240462469       -1.96471018003282       0.000000000000000E+000
   1.25880199898301       0.110952841512135       0.000000000000000E+000
 -0.249830577185871        2.16207498991020       0.000000000000000E+000
  -2.16273871226365      -0.249666350428453       0.000000000000000E+000
   1.53452269836046       0.479271447025287       0.000000000000000E+000
 -0.156360034059316        2.70241153612348       0.000000000000000E+000
  -2.70262493974657      -0.156341853938054       0.000000000000000E+000
  0.155407391354741       -2.70239925006773       0.000000000000000E+000
 -0.596767092555094        2.54005512979166       0.000000000000000E+000
  -2.54061612260314      -0.596693994787683       0.000000000000000E+000
   2.53454449786529       0.593329548795866       0.000000000000000E+000
  0.597218816508264       -2.53739472503419       0.000000000000000E+000
  -1.82850286983320       0.448618542844880       0.000000000000000E+000
  0.448580280263032        1.82833245600996       0.000000000000000E+000
 -0.434281181671209       -1.83072097181575       0.000000000000000E+000
  0.823202443899939       -1.44247129743769       0.000000000000000E+000
 -0.287754787105194       -1.02039801584402       0.000000000000000E+000
   1.90828169368368       0.771009396797525       0.000000000000000E+000
 -0.891614643372225        1.91827631528545       0.000000000000000E+000
  0.279925483648261        1.02673234415395       0.000000000000000E+000
  -1.01971737531183       0.285752913259019       0.000000000000000E+000
  0.547938251781665        2.04679190087372       0.000000000000000E+000
  -2.04694175229187       0.547953600727937       0.000000000000000E+000
   1.47302556950071      -0.551864892983751       0.000000000000000E+000
   1.41482823962157       -1.85366301748667       0.000000000000000E+000
  -1.92417715171808      -0.922473881708481       0.000000000000000E+000
 -7.657243796122561E-002  -2.14823526010019       0.000000000000000E+000
  -2.18673112414516       6.005589356475954E-002  0.000000000000000E+000
  5.997455078942143E-002   2.18632344939637       0.000000000000000E+000
  -2.09034269535415      -0.652657902549239       0.000000000000000E+000
 -0.630531885783307        2.07334801210389       0.000000000000000E+000
   1.95048005701238       0.119895336239034       0.000000000000000E+000
 -0.784597018990501       -1.42337037484739       0.000000000000000E+000
 -0.176644360834660       -2.40192908085533       0.000000000000000E+000
  -2.40208476498862       0.174182219348841       0.000000000000000E+000
  0.174157273850022        2.40183519746709       0.000000000000000E+000
   1.04751146230841        2.16236002162813       0.000000000000000E+000
  -2.16238779282769        1.04751146230841       0.000000000000000E+000
  2.640364162777639E-002   1.79541359761227       0.000000000000000E+000
  -1.79593045087420       2.657686022626161E-002  0.000000000000000E+000
   1.05294808277806       -2.09930354369309       0.000000000000000E+000
  -1.40637661881781       0.803754338840981       0.000000000000000E+000
  0.801176724916570        1.40812346159376       0.000000000000000E+000
 -0.488902551266718       -2.05028505750253       0.000000000000000E+000
  -1.60114025044553       -1.25223861209671       0.000000000000000E+000
 -0.702966008993035       -1.07638476062130       0.000000000000000E+000
   1.08135116722538       -1.89597157427202       0.000000000000000E+000
  0.694826352063437        1.06302212878081       0.000000000000000E+000
 -0.282501522510781       -1.33823180926377       0.000000000000000E+000
  -1.07442046667811       0.701789967115064       0.000000000000000E+000
 -0.546523752834455       -1.41959431023419       0.000000000000000E+000
   1.61604592309097        1.28932280093614       0.000000000000000E+000
  -1.32878209741458        1.60843486771494       0.000000000000000E+000
  -1.44762780699452       0.572655311401623       0.000000000000000E+000
  0.571903404957718        1.44736433527000       0.000000000000000E+000
   1.63144433392342       -1.32841861484076       0.000000000000000E+000
   1.22998091005057       -1.48844686951462       0.000000000000000E+000
  -1.33749223363201       -1.71718495534208       0.000000000000000E+000
   1.32903612352429      -0.114033152018729       0.000000000000000E+000
  -1.83916830843172       0.693265058872807       0.000000000000000E+000
  0.693241444970880        1.83909626868442       0.000000000000000E+000
 -0.667212809609622       -1.85100305661112       0.000000000000000E+000
 -0.494517449435734      -0.972222796954992       0.000000000000000E+000
 -0.971103720562756       0.492387924552604       0.000000000000000E+000
  0.490878628885571       0.925280570800607       0.000000000000000E+000
  -1.09314649305649        1.94949631919782       0.000000000000000E+000
   1.95653665319696        1.11118225702529       0.000000000000000E+000
  -1.97936547428188       -1.11709671619201       0.000000000000000E+000
 -0.907370354034793       -1.77880833421117       0.000000000000000E+000
  -1.86111125520735       -1.26297220392451       0.000000000000000E+000
   1.85190347352803        1.28596036409135       0.000000000000000E+000
  -1.29166540698596        1.82603270998374       0.000000000000000E+000
   2.45108330000497      -0.287059033598591       0.000000000000000E+000
   2.56952623027929       0.360332561657993       0.000000000000000E+000
  -1.94998971492084       0.926980437691347       0.000000000000000E+000
  0.926971701087971        1.94994921796409       0.000000000000000E+000
 -0.974330741404025       -2.03581799080383       0.000000000000000E+000
   1.63093227678063       0.351112919912868       0.000000000000000E+000
  4.907270661313713E-002   2.61228519121914       0.000000000000000E+000
  -2.61248797048062       4.908748702940578E-002  0.000000000000000E+000
 -5.064810804053258E-002  -2.61246381217314       0.000000000000000E+000
   2.62324404929211      -8.304551369279729E-002  0.000000000000000E+000
  0.336273450012488       -2.58310869138054       0.000000000000000E+000
 -0.336089112552189        2.58287123416865       0.000000000000000E+000
  -2.58325470302601      -0.336044084042885       0.000000000000000E+000
  -1.98442123246924        1.20171671298856       0.000000000000000E+000
   1.20171648418374        1.98440338392985       0.000000000000000E+000
   1.67530621764757      -3.569539968822847E-002  0.000000000000000E+000
   2.19479903746388      -0.712334044349586       0.000000000000000E+000
  -2.26097235264329       0.538388156139815       0.000000000000000E+000
  0.538386376759616        2.26084334123884       0.000000000000000E+000
   2.57366033739279      -0.506764410920096       0.000000000000000E+000
   1.97963611196650      -0.787402814116419       0.000000000000000E+000
   1.69901852372050       -1.54292720674074       0.000000000000000E+000
 -0.790388189386417        2.45980490385523       0.000000000000000E+000
   2.48246066598540       0.785621117028226       0.000000000000000E+000
  -2.47181143520187      -0.793069214881666       0.000000000000000E+000
  0.812206790248103       -2.49815219579281       0.000000000000000E+000
  -1.25976627056531       -1.54805921852948       0.000000000000000E+000
   1.33191813085019        1.58244880796264       0.000000000000000E+000
  -1.57527290965044        1.33012829797714       0.000000000000000E+000
   1.74583910364923        1.46098514542042       0.000000000000000E+000
  -1.46058077438318        1.74614083280812       0.000000000000000E+000
  -1.77595151975491       -1.56681000219986       0.000000000000000E+000
   1.83029086320920      -0.984843438907883       0.000000000000000E+000
   2.00567202448490       -1.04772455230010       0.000000000000000E+000
  -1.82364073137466        1.36651605725573       0.000000000000000E+000
   1.36650525844306        1.82365294098443       0.000000000000000E+000
 -0.527786341047535       -2.26165928961156       0.000000000000000E+000
   2.18627848048646        1.05110701539353       0.000000000000000E+000
  -2.01911400426919        1.43566569175548       0.000000000000000E+000
   1.43566385381923        2.01910895012185       0.000000000000000E+000
  0.302857268516365        2.17848538342709       0.000000000000000E+000
 -0.987486496098721        2.16323815334280       0.000000000000000E+000
  -2.17874033693849       0.302897690222088       0.000000000000000E+000
  -2.16589898286687      -0.987185566262231       0.000000000000000E+000
 -0.295339888145138       -2.21458362785897       0.000000000000000E+000
  -2.19278274140471        1.50316498258181       0.000000000000000E+000
   1.50316445657227        2.19277724232406       0.000000000000000E+000
   1.85921353344384       -1.39675315261165       0.000000000000000E+000
  0.931422214534212        2.32531187825761       0.000000000000000E+000
  -2.32534614068497       0.931422214534212       0.000000000000000E+000
  -1.56931858414304       0.950047971188042       0.000000000000000E+000
  0.949907042486746        1.56961043822226       0.000000000000000E+000
 -0.261803994525857       -2.59766296712502       0.000000000000000E+000
 -0.934178071899124       -1.55464262001025       0.000000000000000E+000
  0.259599023808045        2.59734218273664       0.000000000000000E+000
  -2.59748352074898       0.259603918235755       0.000000000000000E+000
   1.64936082360476      -0.964902682276459       0.000000000000000E+000
   1.24278302812303       -2.28797265130341       0.000000000000000E+000
 -0.908819391616762       -2.27613152919773       0.000000000000000E+000
  0.441443231330121        2.60233719765957       0.000000000000000E+000
  -2.60242772620776       0.441444047068072       0.000000000000000E+000
 -0.450593473794958       -2.60139244814531       0.000000000000000E+000
   1.32965300524167       -1.11030109324806       0.000000000000000E+000
   1.56059111151413       -1.69838899474148       0.000000000000000E+000
   1.85070735279769        1.57156400503621       0.000000000000000E+000
  -1.57148505637419        1.85078279085453       0.000000000000000E+000
   2.82985632793792       2.185467016457205E-003  0.000000000000000E+000
   1.13814928759671        2.34274583324291       0.000000000000000E+000
  -2.34276448889442        1.13814935228365       0.000000000000000E+000
   2.42542284231722      -0.703992096451164       0.000000000000000E+000
  -1.01555947383999       -1.38858106109657       0.000000000000000E+000
   1.76496954782014       -1.73123022341429       0.000000000000000E+000
  0.733026388434534        2.36935444787876       0.000000000000000E+000
  -2.36942137262613       0.733026684997901       0.000000000000000E+000
   2.67567025359332       0.705689390341465       0.000000000000000E+000
   1.50177171574184        1.69696040031775       0.000000000000000E+000
  -1.69693998415574        1.50178678831861       0.000000000000000E+000
  0.724428669548581       -2.68545361930337       0.000000000000000E+000
 -0.764687095648877        2.67109700858391       0.000000000000000E+000
  -2.66349679925565      -0.734200663042991       0.000000000000000E+000
  0.979741765871745       -2.32818849404541       0.000000000000000E+000
   2.42455476650428        1.00658930677170       0.000000000000000E+000
   1.44434222971299       -2.17936797024796       0.000000000000000E+000
 -0.987245278840299        2.38264495001449       0.000000000000000E+000
  -2.39610332746271      -0.972725135413297       0.000000000000000E+000
   2.03292416390428       -1.78680934013449       0.000000000000000E+000
  2.175929462917236E-002  -2.82943341419515       0.000000000000000E+000
 -2.241986217347955E-002   2.82933059526193       0.000000000000000E+000
  -1.35883280365078       0.989256050165521       0.000000000000000E+000
  0.979562561006535        1.38483075749504       0.000000000000000E+000
  -2.82943041363782      -2.241459628603984E-002  0.000000000000000E+000
   2.80563146020034      -0.409774223109484       0.000000000000000E+000
   2.78986282959784      -0.739017179951732       0.000000000000000E+000
   1.46069742922574       -2.00042000181228       0.000000000000000E+000
 -0.377255219962940       -2.79420151315591       0.000000000000000E+000
  0.369860124854117        2.79627186893629       0.000000000000000E+000
  -2.79633144458810       0.369861144931160       0.000000000000000E+000
 -0.727863433393818       -2.35013646479916       0.000000000000000E+000
   2.83089108420672       -1.02241951253355       0.000000000000000E+000
 -0.999231877110778       -2.80338152546950       0.000000000000000E+000
   1.62746984516932        2.06165818731585       0.000000000000000E+000
  -2.06166230532662        1.62747026923795       0.000000000000000E+000
 -0.697522651923353       -2.73251481127073       0.000000000000000E+000
  -2.86838918307833       -1.05883502363407       0.000000000000000E+000
   1.04046645373459       -2.86693418653157       0.000000000000000E+000
  -1.58841811203062       -1.68059772346717       0.000000000000000E+000
   2.65640090233527       -1.11629546481004       0.000000000000000E+000
  0.577601283942252        2.47182586656343       0.000000000000000E+000
   2.35061875189747      -0.907968936192090       0.000000000000000E+000
  -2.47191283656537       0.577601765889172       0.000000000000000E+000
 -0.576771761289001       -2.47023757891730       0.000000000000000E+000
   2.05629456529963        1.82849815939201       0.000000000000000E+000
  -1.82850237342848        2.05629456687371       0.000000000000000E+000
  -2.01786196016210       -1.80515185449773       0.000000000000000E+000
   2.62934544304851      -0.691896890641538       0.000000000000000E+000
  -1.41965969427205       -2.43490013080370       0.000000000000000E+000
   2.85204770113796       0.634018613186865       0.000000000000000E+000
  -1.69307453061424        2.86046280829990       0.000000000000000E+000
   2.86046162341617        1.69307249846873       0.000000000000000E+000
  -2.86049331261708       -1.69307385944705       0.000000000000000E+000
 -0.634723838683311        2.85280246280149       0.000000000000000E+000
  -2.85299195137429      -0.634719738658213       0.000000000000000E+000
  -1.37490411392284       -2.60139254433074       0.000000000000000E+000
  0.634813977444895       -2.85285884137252       0.000000000000000E+000
   1.00016594020139       -2.55230672592939       0.000000000000000E+000
   2.17121767608437        1.35070116527113       0.000000000000000E+000
  -1.35063848248076        2.17144187203230       0.000000000000000E+000
  -2.16465952362062       -1.35131921811943       0.000000000000000E+000
 -0.602020180629234       -2.62297075167693       0.000000000000000E+000
  -2.63332054073468        1.02010113009590       0.000000000000000E+000
   1.02010110943001        2.63330587478346       0.000000000000000E+000
  -2.81115341321654        2.00178175119488       0.000000000000000E+000
   2.00178175106464        2.81115332165369       0.000000000000000E+000
  -1.60081416722153       -2.53663238775411       0.000000000000000E+000
   2.32976154590181        1.21335328090409       0.000000000000000E+000
  -1.20368555218797        2.32428646641873       0.000000000000000E+000
   2.82852795932961       0.823379576750160       0.000000000000000E+000
 -0.836113065190552        2.84990050493299       0.000000000000000E+000
  -2.31860371640425       -1.21009306438811       0.000000000000000E+000
  -2.80200542463271      -0.884038913846846       0.000000000000000E+000
  0.856841867224524       -2.82370016349759       0.000000000000000E+000
   1.18970946422814       -2.60589274254626       0.000000000000000E+000
   2.19148293725930       -1.09597744854242       0.000000000000000E+000
   2.79810066943962       -1.87895167980188       0.000000000000000E+000
  0.626637368791119        2.67146109734845       0.000000000000000E+000
  -2.67150996224476       0.626637585071930       0.000000000000000E+000
   1.45427957199003        2.40957358122490       0.000000000000000E+000
  -2.40957892118929        1.45427969172513       0.000000000000000E+000
   2.03973012788094       -1.24405450686282       0.000000000000000E+000
  -2.19654838013609       -1.68181455955524       0.000000000000000E+000
   1.69188178163665        2.28628499760970       0.000000000000000E+000
  -2.28628773031770        1.69188194300430       0.000000000000000E+000
   1.22921838886820        2.85742266296776       0.000000000000000E+000
  -2.85742348351629        1.22921838886820       0.000000000000000E+000
 -0.944174958980924       -2.59837186659276       0.000000000000000E+000
  -1.29489940874301       -2.27383573328930       0.000000000000000E+000
  -2.67021502683981       -1.30048075377944       0.000000000000000E+000
   1.82446076566337       -2.87347873354617       0.000000000000000E+000
   2.18869815573911        1.71754827253621       0.000000000000000E+000
  -1.71754497865201        2.18871709687492       0.000000000000000E+000
   1.78863033324008       -2.18929704719367       0.000000000000000E+000
   2.81072509147410       0.372013379222537       0.000000000000000E+000
 -0.388011130275631        2.80825396016129       0.000000000000000E+000
   1.03737395880986       -2.71932323301644       0.000000000000000E+000
  -2.80843860969896      -0.388000433174655       0.000000000000000E+000
  0.387645930189446       -2.80830117213951       0.000000000000000E+000
   2.67777081854522      -0.898932539425292       0.000000000000000E+000
 -0.805995796029368       -2.85226334544283       0.000000000000000E+000
  -1.81398632794875       -2.86289340347206       0.000000000000000E+000
  -1.10624948813603       -1.64965643330437       0.000000000000000E+000
   2.33683207246795       -1.92485415985402       0.000000000000000E+000
  -1.60591515046573       -2.81299033440065       0.000000000000000E+000
   1.43514325079717       -2.35761330559149       0.000000000000000E+000
  -1.22477356329360        2.70291858403940       0.000000000000000E+000
  -1.20395075208967       -2.07642446730469       0.000000000000000E+000
   1.72039793185896        1.90346312112665       0.000000000000000E+000
  -1.90346756275718        1.72039800333426       0.000000000000000E+000
  -2.71603931874002       -1.10491383505677       0.000000000000000E+000
   2.86867980625586        1.85630597306361       0.000000000000000E+000
  -1.85630668345258        2.86868022046258       0.000000000000000E+000
  -2.86870269681336       -1.85630796652150       0.000000000000000E+000
   2.46138935942151       -1.61144887187990       0.000000000000000E+000
   1.37804160944694       -2.63793672795283       0.000000000000000E+000
   1.70056134797110       -1.12555265573948       0.000000000000000E+000
  -2.85396697771060        1.43895028992855       0.000000000000000E+000
   1.43895028992855        2.85396656600718       0.000000000000000E+000
   1.67634690285839       -2.87307813668566       0.000000000000000E+000
 -0.889088028125751       -2.43210473895228       0.000000000000000E+000
  -2.08660037586802        1.85271611232338       0.000000000000000E+000
   1.85271601634457        2.08659818294535       0.000000000000000E+000
   2.02737065549556        1.27981378700354       0.000000000000000E+000
  -2.20637466064399       -1.86126984514760       0.000000000000000E+000
  -1.27941987866681        2.02786258459696       0.000000000000000E+000
  -2.59426337339327      -0.938778105734985       0.000000000000000E+000
  -2.51477648822895       0.878551248192513       0.000000000000000E+000
  0.878551149623002        2.51474222501808       0.000000000000000E+000
  -2.03224339923776       -1.27012776794898       0.000000000000000E+000
  -2.15526460231023        2.01508164953781       0.000000000000000E+000
   2.01508163459774        2.15526374838027       0.000000000000000E+000
   2.69128634147175        1.62416874554755       0.000000000000000E+000
  -1.62418298569211        2.69129009619627       0.000000000000000E+000
  -2.68609240765651       -1.62839392634431       0.000000000000000E+000
  0.640701633100623        2.84068770994865       0.000000000000000E+000
  -2.84071033749817       0.640701767000190       0.000000000000000E+000
  -1.56406458740144       -2.20700606421355       0.000000000000000E+000
  -1.86346618825873        2.19475467981062       0.000000000000000E+000
   2.19475458534011        1.86346105763064       0.000000000000000E+000
   2.77212065937666        1.27770073482028       0.000000000000000E+000
  -1.22649786476987        2.87741415769115       0.000000000000000E+000
  -2.84630393059250       -1.23493335761743       0.000000000000000E+000
 -0.657394550612677       -2.87025637331739       0.000000000000000E+000
   2.36807918568600        1.61711422058839       0.000000000000000E+000
  -1.61713283256073        2.36808043926950       0.000000000000000E+000
  -2.57107335322372        1.59483820964939       0.000000000000000E+000
   1.59483820326766        2.57107196494370       0.000000000000000E+000
   1.05696238212309        2.87207260756076       0.000000000000000E+000
  -2.87207595051758        1.05696238212309       0.000000000000000E+000
   1.79803747186070       -1.94675915534931       0.000000000000000E+000
  -2.38096925795799       -1.63929419069702       0.000000000000000E+000
   2.36845139389480       -1.10670646589215       0.000000000000000E+000
   2.18021710555375       -1.95858940447022       0.000000000000000E+000
   2.83410742419819        1.48845389135753       0.000000000000000E+000
  -1.44217320772913        2.82555276597440       0.000000000000000E+000
  -2.82318005489686       -1.46261191255670       0.000000000000000E+000
   1.23269865869568       -2.80296570441687       0.000000000000000E+000
  -2.85323888826591        1.64463348975921       0.000000000000000E+000
   1.64463348960727        2.85323869720832       0.000000000000000E+000
  -1.96285925188638       -2.12507591204642       0.000000000000000E+000
   2.81105984334631       -1.43251139910341       0.000000000000000E+000
  -1.79661255399829       -2.03226331163781       0.000000000000000E+000
  -1.43329640921301        2.36330984889334       0.000000000000000E+000
   2.36322984003018        1.43324868492678       0.000000000000000E+000
  1.667928830288841E-002 -0.275326064535223       0.000000000000000E+000
  0.277192547800344       2.154365077367707E-002  0.000000000000000E+000
 -1.764555399665867E-002  0.278152475502849       0.000000000000000E+000
 -0.277042963290367      -1.638775190291975E-002  0.000000000000000E+000
  0.204561655883055       0.235134239300116       0.000000000000000E+000
 -0.205877608055259      -0.230923252818961       0.000000000000000E+000
  0.233123016402561      -0.202098548214622       0.000000000000000E+000
 -0.231949319792327       0.205979205668295       0.000000000000000E+000
  0.524956355530852      -0.455044574260747       0.000000000000000E+000
  0.195901312877383      -0.401046582131558       0.000000000000000E+000
  0.425669678597917      -0.138819481878664       0.000000000000000E+000
 -0.195686375265252       0.403063728102180       0.000000000000000E+000
 -0.403086494265074      -0.195005407658519       0.000000000000000E+000
  0.565666008635937      -0.277166521649283       0.000000000000000E+000
  0.352310389611343      -0.519945043360437       0.000000000000000E+000
  0.401650637198359       0.201709362978518       0.000000000000000E+000
 -0.520420275861624      -0.347645030457132       0.000000000000000E+000
 -0.347997930286808       0.519751339577605       0.000000000000000E+000
 -0.146040185868550      -0.419904949182966       0.000000000000000E+000
 -0.420520217043354       0.145550848545771       0.000000000000000E+000
  0.541068255630042       0.357948623332024       0.000000000000000E+000
  0.144282302736169       0.422603855717993       0.000000000000000E+000
 -0.461345940516045      -0.513962849394371       0.000000000000000E+000
  0.457427898279000       0.523178838681199       0.000000000000000E+000
 -0.514094867343948       0.460261279735632       0.000000000000000E+000
  -1.14291762226304        1.18176599380614       0.000000000000000E+000
  0.618886592898759      -0.108553157407527       0.000000000000000E+000
  0.624424942898378       0.199339077552687       0.000000000000000E+000
  0.189594744741881      -0.595580061411022       0.000000000000000E+000
 -0.596290946092937      -0.188652053680135       0.000000000000000E+000
 -0.189116892762909       0.596051855209624       0.000000000000000E+000
  0.692627423816202       5.251612729411411E-002  0.000000000000000E+000
  -1.04199239481826        1.55617304722042       0.000000000000000E+000
 -0.122146157875385      -0.606863759622803       0.000000000000000E+000
  -1.57619511308887       -1.03025788158523       0.000000000000000E+000
  0.160334554305602       0.618084296309421       0.000000000000000E+000
   1.55990710871899        1.05176490336987       0.000000000000000E+000
 -0.607061030852085       0.121220573736419       0.000000000000000E+000
   1.02331875267614       -1.09487008883080       0.000000000000000E+000
 -0.288083455493691      -0.552345484710427       0.000000000000000E+000
 -0.552526261553946       0.287096559852214       0.000000000000000E+000
  0.497497666568724      -0.632944903998790       0.000000000000000E+000
  0.292970516043279       0.529468898094551       0.000000000000000E+000
  5.396813040728011E-002 -0.697881636751927       0.000000000000000E+000
 -0.698252972328491      -5.449784391123243E-002  0.000000000000000E+000
 -1.136946730744522E-002  0.703935245065510       0.000000000000000E+000
  0.853760789328961      -0.350109457300215       0.000000000000000E+000
  0.475270076205641      -0.805825890728985       0.000000000000000E+000
  0.795582617085708      -0.688873020447401       0.000000000000000E+000
  0.633814404486008      -0.744997387160060       0.000000000000000E+000
   2.71764523042639       -2.07848954457949       0.000000000000000E+000
  0.837467070198904      -0.504437448991195       0.000000000000000E+000
 -0.806483984323926      -0.472763982941723       0.000000000000000E+000
 -0.473040779102864       0.805174944003300       0.000000000000000E+000
  0.698966561892715      -0.405702485488424       0.000000000000000E+000
 -0.811026099428573        1.29621266957532       0.000000000000000E+000
  -1.29879311789715      -0.811235179390960       0.000000000000000E+000
  -1.56246156817486      -0.871926465160193       0.000000000000000E+000
 -0.883898313852431        1.59606344935246       0.000000000000000E+000
  0.849088203101419       0.572346421274155       0.000000000000000E+000
 -0.491030711782847       0.633590669986695       0.000000000000000E+000
 -0.634779517239844      -0.490818411428448       0.000000000000000E+000
   2.21473073253023       0.265571916777197       0.000000000000000E+000
  0.301063824244085      -0.882152743315764       0.000000000000000E+000
   1.60507943371244       0.844786107067914       0.000000000000000E+000
 -0.882709439555851      -0.301296416790323       0.000000000000000E+000
 -0.301607587844711       0.881821076276933       0.000000000000000E+000
 -0.578274298772172        1.07802056523183       0.000000000000000E+000
  -1.07982152329481      -0.577928399546781       0.000000000000000E+000
 -0.746130279954791      -0.622422447661684       0.000000000000000E+000
 -0.622524859404786       0.744462532280955       0.000000000000000E+000
  -1.07507177502848       -1.00469413759614       0.000000000000000E+000
   1.06820160146377      -0.931204811711175       0.000000000000000E+000
 -0.923818803579406       -1.06000788824423       0.000000000000000E+000
  0.884276840983291      -0.964957161697891       0.000000000000000E+000
  -1.00352468668868        1.07482000237906       0.000000000000000E+000
  0.659449995168288       0.517382705375367       0.000000000000000E+000
  0.739992848860416       0.686071603697616       0.000000000000000E+000
  -1.05879332070989       0.906794347097497       0.000000000000000E+000
  0.574342788638173       -1.07846855024037       0.000000000000000E+000
 -0.692811983302209      -0.772902682950805       0.000000000000000E+000
  0.799109250751908       -1.27154277966436       0.000000000000000E+000
 -0.772618678583090       0.690744962273001       0.000000000000000E+000
  0.761147138864326      -0.855101027118603       0.000000000000000E+000
  0.427609958775029      -0.983893245200736       0.000000000000000E+000
  0.988944375582819      -0.616372836208445       0.000000000000000E+000
  0.206231415582497      -0.761456553806617       0.000000000000000E+000
 -0.428849367082781       0.983376151552668       0.000000000000000E+000
   1.12932840214189      -0.762474747186095       0.000000000000000E+000
  0.957493303002766      -0.202841931071222       0.000000000000000E+000
 -0.984695006285433      -0.428533591750058       0.000000000000000E+000
  0.759720461354912       0.349490428172674       0.000000000000000E+000
   2.28926917917854       8.340528457112670E-002  0.000000000000000E+000
 -0.182969506632845       0.776364547446575       0.000000000000000E+000
 -0.761977197624089      -0.206175392456503       0.000000000000000E+000
 -0.964345010950955      -0.884098238319800       0.000000000000000E+000
   1.08878722293035        1.06286869549610       0.000000000000000E+000
 -0.883518310284817       0.961561670209048       0.000000000000000E+000
  0.958566762525266      -4.552672336404828E-002  0.000000000000000E+000
   1.03823986836738       7.626939177737464E-002  0.000000000000000E+000
  -1.30058379707059        1.11724811190093       0.000000000000000E+000
   1.14560549667741        1.26355179121913       0.000000000000000E+000
 -0.812297160171231        1.74836184281196       0.000000000000000E+000
  -1.71903112043979      -0.865001036595839       0.000000000000000E+000
 -0.415504366801907      -0.674683087061398       0.000000000000000E+000
 -0.674558812954569       0.414060753094285       0.000000000000000E+000
  -1.02164455401523      -0.727112712205429       0.000000000000000E+000
  0.881299307079105       0.976649758044841       0.000000000000000E+000
 -0.792913804515554       8.294346574856193E-002  0.000000000000000E+000
 -8.422008656387943E-002 -0.792878518477873       0.000000000000000E+000
 -0.370953765406865      -0.841026431720585       0.000000000000000E+000
 -0.727127091074336        1.01941192565776       0.000000000000000E+000
 -0.492415193817673        1.45158991931256       0.000000000000000E+000
  0.357455495182406       0.712473966313347       0.000000000000000E+000
  -1.45325884577390      -0.492210622245391       0.000000000000000E+000
  -1.07098457608446      -5.999754231836356E-002  0.000000000000000E+000
  0.797709942592244      -8.447777588912288E-002  0.000000000000000E+000
 -4.470138157903294E-002   1.05599358817516       0.000000000000000E+000
  5.854838948487959E-002  -1.07237485592934       0.000000000000000E+000
 -0.840544610657855       0.369172347298443       0.000000000000000E+000
  0.930760490819288       0.233318858867780       0.000000000000000E+000
 -0.888948098067796      -9.538687680687448E-002  0.000000000000000E+000
   1.02103239853199       -1.52906975699269       0.000000000000000E+000
 -0.147899235569186       0.935091687876236       0.000000000000000E+000
  9.430389156102667E-002 -0.888866835314641       0.000000000000000E+000
  0.774237310451541       0.179980480392502       0.000000000000000E+000
  -1.23548161410271       -1.00298905612207       0.000000000000000E+000
  -1.10816132485701       -1.17335984474333       0.000000000000000E+000
 -0.338133042179424        1.29459265454212       0.000000000000000E+000
  -1.29556424402898      -0.338048106728993       0.000000000000000E+000
 -0.976821042656009        1.24165181252876       0.000000000000000E+000
  -1.13550644855615      -0.425331077140385       0.000000000000000E+000
 -0.425426204212815        1.13437756489979       0.000000000000000E+000
  0.309894195049922       -1.28078612884336       0.000000000000000E+000
   1.25485506618349      -0.917057039719056       0.000000000000000E+000
  0.688927248307275       -1.18341118166975       0.000000000000000E+000
 -0.119755163089182       -1.63996940881605       0.000000000000000E+000
  -1.18797092477045      -0.695791866212530       0.000000000000000E+000
 -0.695921504596325        1.18578988139327       0.000000000000000E+000
   1.60310948754794      -0.816082530902223       0.000000000000000E+000
 -9.389310252171801E-002 -0.967134793297766       0.000000000000000E+000
 -0.328359021698555        1.61725784334414       0.000000000000000E+000
  0.726087136530816       -1.02029182998640       0.000000000000000E+000
  9.768506429871179E-002   1.00162384040532       0.000000000000000E+000
 -0.975720891250158        1.74421836749728       0.000000000000000E+000
  -1.61845478367622      -0.328153657711305       0.000000000000000E+000
 -0.710182013911346        1.64170291159507       0.000000000000000E+000
 -0.966570299558190       9.228380628595112E-002  0.000000000000000E+000
  0.195824858287246       -2.86631131840154       0.000000000000000E+000
 -0.196216964168705        2.86626189459366       0.000000000000000E+000
  -1.63254915423704      -0.716909422145852       0.000000000000000E+000
  -2.68749301670508        2.12643628514063       0.000000000000000E+000
   2.12643628505420        2.68749291909378       0.000000000000000E+000
  -2.86636319098551      -0.196210647181224       0.000000000000000E+000
 -0.689065586073869        1.85312136915240       0.000000000000000E+000
  -1.86241968211879      -0.684722786831077       0.000000000000000E+000
   1.45672731350516      -0.709766409975288       0.000000000000000E+000
   1.75381157027069       0.794218857226525       0.000000000000000E+000
 -0.639669115592582        1.51662390665298       0.000000000000000E+000
  -1.51641161631428      -0.640932937315640       0.000000000000000E+000
  0.409655944943673       -1.13458470670030       0.000000000000000E+000
   1.16709825158624       0.465404017466452       0.000000000000000E+000
  -1.41856159321937      -0.940306853036840       0.000000000000000E+000
  0.869593635163087       -2.17202093741266       0.000000000000000E+000
   1.79261432611354       0.955228176373229       0.000000000000000E+000
  -1.35150183431075      -0.660967774670157       0.000000000000000E+000
   1.65504583710204       0.659788416550627       0.000000000000000E+000
  0.127484636624930        1.61418595641654       0.000000000000000E+000
 -0.661120056944328        1.34938349168386       0.000000000000000E+000
  -1.61467611949096       0.127649996867218       0.000000000000000E+000
 -0.935767671304367        1.40829307882039       0.000000000000000E+000
 -0.639942014949894      -0.915086325686460       0.000000000000000E+000
 -0.913925114944551       0.637777044302310       0.000000000000000E+000
   1.19330862439816      -0.284447432415259       0.000000000000000E+000
 -0.224963201380034      -0.860024875898628       0.000000000000000E+000
 -0.859687168465866       0.223281502730259       0.000000000000000E+000
  0.711978590743330       0.853686614041416       0.000000000000000E+000
  0.981873418966927       0.433617315104264       0.000000000000000E+000
  0.170941753735837       0.829970691827302       0.000000000000000E+000
  0.248291885433638       -1.06997578047354       0.000000000000000E+000
   1.25886535071745      -0.553296965764996       0.000000000000000E+000
 -0.260407105546337        1.07509329298368       0.000000000000000E+000
  -1.07127185585247      -0.255015628055570       0.000000000000000E+000
  -1.41812647805516       -1.30111376359068       0.000000000000000E+000
 -0.558322763739323       -1.63683284491032       0.000000000000000E+000
  0.652911900205018       -1.57850212100302       0.000000000000000E+000
 -0.253504194765516       -1.80080359775795       0.000000000000000E+000
   1.25351872573305       0.616542223555610       0.000000000000000E+000
  0.637019711185934       -2.33478241494970       0.000000000000000E+000
  0.229877820165666        1.79705182593637       0.000000000000000E+000
  -1.79734619143322       0.229992303773601       0.000000000000000E+000
   1.39581075056022      -0.339653545809271       0.000000000000000E+000
  0.289169783998255       -1.97559575068112       0.000000000000000E+000
 -0.854835233012153      -0.753926858515020       0.000000000000000E+000
  0.150725528292103        1.98219472005712       0.000000000000000E+000
   1.27648843087711        2.37054075170388       0.000000000000000E+000
  -2.37055196571571        1.27648856626110       0.000000000000000E+000
  0.439727960155450       -1.68011460109408       0.000000000000000E+000
   1.01497325220484      -0.418584345291889       0.000000000000000E+000
  -1.98257891393951       0.150828812057076       0.000000000000000E+000
  -1.31474348041948       -1.91851999781236       0.000000000000000E+000
 -0.753714365060064       0.852627423118755       0.000000000000000E+000
 -0.190606041013504        1.44325366802270       0.000000000000000E+000
  -1.44412353656573      -0.190321417379709       0.000000000000000E+000
  0.190243051754451       -1.43411195818611       0.000000000000000E+000
   1.31526113267726      -0.773126351455996       0.000000000000000E+000
   1.06609286897731       0.655569391831427       0.000000000000000E+000
   2.50553535314055       0.122219984574669       0.000000000000000E+000
   1.92579335945630      -0.376027727232257       0.000000000000000E+000
  0.104720070388431       -1.23949717569681       0.000000000000000E+000
 -0.110837386499572        1.24293666308690       0.000000000000000E+000
  -1.24332821203529      -0.111991948938896       0.000000000000000E+000
 -0.269822429169607        1.98341762816708       0.000000000000000E+000
  0.978512721651768       -1.30119706974898       0.000000000000000E+000
 -5.985824490875961E-002  -1.87588100865768       0.000000000000000E+000
  -1.74331377918261       0.881554777111962       0.000000000000000E+000
  -1.98423410309521      -0.269609091446313       0.000000000000000E+000
  0.881502180369771        1.74336670406050       0.000000000000000E+000
  -1.45285035251121      -0.337183451016349       0.000000000000000E+000
 -0.337378324677289        1.45167352130538       0.000000000000000E+000
  0.464850125927678       -2.12201729049908       0.000000000000000E+000
   1.13851474977003       -1.70321308593810       0.000000000000000E+000
  -1.34391108051229        1.42770818937256       0.000000000000000E+000
   1.45662688875810        1.39744721731145       0.000000000000000E+000
  0.763052630794793       -1.77301309827042       0.000000000000000E+000
   1.33195364356502       -1.67876853817170       0.000000000000000E+000
 -0.877549075181515       -1.23143716588503       0.000000000000000E+000
  -1.22268720603459       0.861855400674603       0.000000000000000E+000
   2.64137860544957       -1.31839198483405       0.000000000000000E+000
   1.10796081136583       0.268183413772157       0.000000000000000E+000
   2.10206939714979       0.140936067621227       0.000000000000000E+000
  0.736089748388239        1.99741538440697       0.000000000000000E+000
   2.13914309696317      -0.467833665979095       0.000000000000000E+000
  -1.99750053304563       0.736102324806142       0.000000000000000E+000
  0.886782462507661        1.20177688671934       0.000000000000000E+000
 -9.328578070363740E-002   2.22616543978863       0.000000000000000E+000
  -2.22666043404403      -9.318397156577708E-002  0.000000000000000E+000
 -0.650756487142963       -1.52087720365892       0.000000000000000E+000
  0.698332021564179       -2.15028684278839       0.000000000000000E+000
  -1.77785528743596       -1.06873287694006       0.000000000000000E+000
   1.73276378567463      -0.253856773492908       0.000000000000000E+000
  -1.14441058738476       9.172928698680120E-002  0.000000000000000E+000
  8.892352774269978E-002  -2.21834753066889       0.000000000000000E+000
  0.883682596929000       0.771479688522670       0.000000000000000E+000
   2.32775477647094       0.647485745401871       0.000000000000000E+000
  9.377003716194991E-002   1.14982867451019       0.000000000000000E+000
  -1.65381828665647      -0.548939266354974       0.000000000000000E+000
 -0.119272821127107       -1.16826565832209       0.000000000000000E+000
   2.08935380885466      -0.255635250592317       0.000000000000000E+000
 -0.545691172722375        1.65532128046026       0.000000000000000E+000
 -0.625800160241925        2.30726275086108       0.000000000000000E+000
   1.75461849293331        1.14343898925576       0.000000000000000E+000
 -0.198673255289314        1.80160124443912       0.000000000000000E+000
  0.147450020691956       -1.80145787422798       0.000000000000000E+000
   1.74566287284885       0.501311986923905       0.000000000000000E+000
  -2.30809743478224      -0.625630314024184       0.000000000000000E+000
  -1.80244040698530      -0.198464630590118       0.000000000000000E+000
   1.12049474126584      -8.576968383051177E-002  0.000000000000000E+000
   2.12049664103569       0.411852306617355       0.000000000000000E+000
  -1.19648468882367        1.51241700198154       0.000000000000000E+000
   2.52885875222758       -2.17659772250729       0.000000000000000E+000
  7.887319142099364E-003  -2.39243484729522       0.000000000000000E+000
  -2.87249718586802        1.82762035404723       0.000000000000000E+000
   1.82762035380846        2.87249705750783       0.000000000000000E+000
 -0.531896720538125      -0.803728950702619       0.000000000000000E+000
 -1.264391002776653E-002   2.40007234422722       0.000000000000000E+000
  -2.40041832410241      -1.259338052555787E-002  0.000000000000000E+000
 -0.801125383590585        2.05190314682765       0.000000000000000E+000
   2.10187642387124      -3.648671804007711E-002  0.000000000000000E+000
   2.10291871442546       0.713662398804704       0.000000000000000E+000
 -0.803196964067307       0.530039795814230       0.000000000000000E+000
 -0.441612479069396        2.10932567124364       0.000000000000000E+000
   1.37483195079334        1.20773061701629       0.000000000000000E+000
  0.429901680501227       -1.45141716537680       0.000000000000000E+000
  -2.05269429169192      -0.810203897623887       0.000000000000000E+000
  0.644467145151235       -1.36057068904555       0.000000000000000E+000
   1.59088310074720      -0.396300114936179       0.000000000000000E+000
  -2.10254040248394      -0.452679773873999       0.000000000000000E+000
  0.335995829803767        1.96657125726085       0.000000000000000E+000
  -1.96682201288726       0.336058189925116       0.000000000000000E+000
   2.86834440100796       0.186110065096290       0.000000000000000E+000
  -1.82123752577694       -1.74840232441635       0.000000000000000E+000
   2.43772312525060      -6.342061094176327E-002  0.000000000000000E+000
   1.16020902882580       -1.22036430430260       0.000000000000000E+000
  0.197312528168170       -2.37578882753085       0.000000000000000E+000
  -1.36310836305367       -2.82064885276227       0.000000000000000E+000
  -1.71577000180569       -1.41727311436394       0.000000000000000E+000
  -1.15463199539152        1.69946205226595       0.000000000000000E+000
 -0.197412373232548        2.37765527090678       0.000000000000000E+000
  -2.37812565450615      -0.197326297853685       0.000000000000000E+000
   1.63903455518057      -0.604065657450945       0.000000000000000E+000
   2.24976141267702      -0.348560288355147       0.000000000000000E+000
  -1.65366871747984       0.553507938786051       0.000000000000000E+000
  0.553410297314388        1.65369946119117       0.000000000000000E+000
  0.129246516127393       -2.53323908568950       0.000000000000000E+000
 -0.130686544651736        2.53505911532905       0.000000000000000E+000
  -2.53538231837235      -0.130643625866155       0.000000000000000E+000
   1.62853849604106       0.158402247775234       0.000000000000000E+000
  7.498756677421455E-002  -1.59785158222775       0.000000000000000E+000
   1.80224028748060       8.216532054673586E-002  0.000000000000000E+000
 -8.494443886117524E-002   1.61370243210017       0.000000000000000E+000
  -1.61441326372815      -8.473187047358334E-002  0.000000000000000E+000
  -1.22932787719678       -2.45035221501682       0.000000000000000E+000
  -1.43752012766828       0.242699490522388       0.000000000000000E+000
  0.241544432558534        1.43847624760476       0.000000000000000E+000
 -0.205278582081278       -1.48371110212941       0.000000000000000E+000
   1.23877806498679       -1.82567175364662       0.000000000000000E+000
  -1.26327440509067       0.679380802696765       0.000000000000000E+000
  -1.12263783062837        2.53439985370798       0.000000000000000E+000
 -0.676000042918350       -1.26615400648963       0.000000000000000E+000
   2.33897833780317      -0.504423923275613       0.000000000000000E+000
  0.682408048824977        1.26249821051961       0.000000000000000E+000
   2.87238972400147       -2.06718213810493       0.000000000000000E+000
   2.60874313063518        1.11507414253141       0.000000000000000E+000
 -0.820662818264492       -1.94212425845626       0.000000000000000E+000
  -1.10785603736959       -2.25961736993768       0.000000000000000E+000
   1.81995219576114       0.306274263104332       0.000000000000000E+000
   1.98351579048561       -2.06257020304043       0.000000000000000E+000
   1.85145640897107      -0.589464615719971       0.000000000000000E+000
 -0.984014572128310        2.69667008771891       0.000000000000000E+000
   1.53479240609987      -0.186952053324890       0.000000000000000E+000
 -0.289473372333832       -1.17671972607253       0.000000000000000E+000
  -1.16471963553220       -2.82003823286920       0.000000000000000E+000
  -1.26507763551464       0.256972205278500       0.000000000000000E+000
  9.274276121696592E-002  0.107710482723927       0.000000000000000E+000
  0.255273665763541        1.26719192421607       0.000000000000000E+000
 -9.332722532892966E-002 -0.103783004242822       0.000000000000000E+000
  -1.63986295461059       -1.53451842233069       0.000000000000000E+000
  7.306837374346316E-002 -6.218728642275534E-002  0.000000000000000E+000
 -7.569232124130901E-002  6.824735355442914E-002  0.000000000000000E+000
   1.34854738137109       0.468865489610380       0.000000000000000E+000
   1.97054122885860       0.527869254196933       0.000000000000000E+000
   1.26196295894074       0.789009707371484       0.000000000000000E+000
   1.44914508604039       0.271330620967118       0.000000000000000E+000
   1.35087724158246       -1.31155335278962       0.000000000000000E+000
  0.265030275199710       -1.63352373858226       0.000000000000000E+000
  0.567357957597988       -1.77243029626593       0.000000000000000E+000
   2.18380563123140       0.543500469232546       0.000000000000000E+000
  0.958958376605318       -1.74869898549463       0.000000000000000E+000
   2.03150163637134       0.292658203383171       0.000000000000000E+000
  0.324800340363019       0.873614393273800       0.000000000000000E+000
  -1.38915558130611       0.383917707705334       0.000000000000000E+000
  0.382621862960108        1.38911812072426       0.000000000000000E+000
   2.65394022933004      -0.297488574768626       0.000000000000000E+000
  0.633325197668716       -1.93764958083422       0.000000000000000E+000
  1.070604486705733E-002  -1.72878996848236       0.000000000000000E+000
   1.44423772873084       0.682076590777443       0.000000000000000E+000
 -0.929794593326454        2.54892336077610       0.000000000000000E+000
   2.64052152859585       0.913539248534487       0.000000000000000E+000
   2.80831887965622        1.03310986997748       0.000000000000000E+000
   2.38435416970327       0.254392388470518       0.000000000000000E+000
   2.03481843783387       0.908004191079322       0.000000000000000E+000
   1.80666864055277       0.650839582339103       0.000000000000000E+000
  0.315035167844663       -1.79817005193304       0.000000000000000E+000
  -1.05672743043515        2.85448388906374       0.000000000000000E+000
   1.29121914128460        1.00205532898431       0.000000000000000E+000
   1.26631070586931       0.316947276665649       0.000000000000000E+000
   2.47546607874443        1.16035645619519       0.000000000000000E+000
  0.843831550007411       -1.61435105183969       0.000000000000000E+000
  -1.97772234976747      -0.555370178393288       0.000000000000000E+000
   1.74798624200595      -0.443942977766452       0.000000000000000E+000
   1.22511095292143        1.13405160817896       0.000000000000000E+000
   1.43248127427752       0.873938527514203       0.000000000000000E+000
