   20.0000000000000     
   20.0000000000000     
   20.0000000000000     
   20.0000000000000     
   20.0000000000000     
   20.0000000000000     
   20.0000000000000     
   20.0000000000000     
   20.0000000000000     
   20.0000000000000     
   20.0000000000000     
   20.0000000000000     
   20.0000000000000     
   20.0000000000000     
   20.0000000000000     
   20.0000000000000     
   20.0000000000000     
   20.0000000000000     
   20.0000000000000     
   20.0000000000000     
   20.0000000000000     
   20.0000000000000     
   20.0000000000000     
   20.0000000000000     
   20.0000000000000     
   20.0000000000000     
   20.0000000000000     
   20.0000000000000     
   20.0000000000000     
   20.0000000000000     
   20.0000000000000     
   20.0000000000000     
   20.0000000000000     
   20.0000000000000     
   20.0000000000000     
   20.0000000000000     
   20.0000000000000     
   20.0000000000000     
   20.0000000000000     
   20.0000000000000     
   20.0000000000000     
   20.0000000000000     
   20.0000000000000     
   20.0000000000000     
   20.0000000000000     
   20.0000000000000     
   20.0000000000000     
   20.0000000000000     
   20.0000000000000     
   20.0000000000000     
   20.0000000000000     
   20.0000000000000     
   20.0000000000000     
   20.0000000000000     
   20.0000000000000     
   20.0000000000000     
   20.0000000000000     
   20.0000000000000     
   20.0000000000000     
   20.0000000000000     
   20.0000000000000     
   20.0000000000000     
   20.0000000000000     
   20.0000000000000     
   20.0000000000000     
   20.0000000000000     
   20.0000000000000     
   20.0000000000000     
   20.0000000000000     
   20.0000000000000     
   20.0000000000000     
   20.0000000000000     
   20.0000000000000     
   20.0000000000000     
   20.0000000000000     
   20.0000000000000     
   20.0000000000000     
   20.0000000000000     
   20.0000000000000     
   20.0000000000000     
   20.0000000000000     
   20.0000000000000     
   20.0000000000000     
   20.0000000000000     
   20.0000000000000     
   20.0000000000000     
   20.0000000000000     
   20.0000000000000     
   20.0000000000000     
   20.0000000000000     
   20.0000000000000     
   20.0000000000000     
   20.0000000000000     
   20.0000000000000     
   20.0000000000000     
   20.0000000000000     
   20.0000000000000     
   20.0000000000000     
   20.0000000000000     
   20.0000000000000     
   20.0000000000000     
   20.0000000000000     
   20.0000000000000     
   20.0000000000000     
   20.0000000000000     
   20.0000000000000     
   20.0000000000000     
   20.0000000000000     
   20.0000000000000     
   20.0000000000000     
   20.0000000000000     
   20.0000000000000     
   20.0000000000000     
   20.0000000000000     
   20.0000000000000     
   20.0000000000000     
  3.270481996960805E-006
  0.000000000000000E+000
  4.343691558708407E-004
  4.346945092466409E-004
  0.000000000000000E+000
  0.000000000000000E+000
  0.000000000000000E+000
  0.000000000000000E+000
  0.000000000000000E+000
  0.000000000000000E+000
  0.000000000000000E+000
  0.000000000000000E+000
  0.000000000000000E+000
  0.000000000000000E+000
  0.000000000000000E+000
  0.000000000000000E+000
  0.000000000000000E+000
  0.000000000000000E+000
  0.000000000000000E+000
  0.000000000000000E+000
  0.000000000000000E+000
  0.000000000000000E+000
  0.000000000000000E+000
  0.000000000000000E+000
   29.0764623880386     
   29.0833008289337     
   29.0834969282150     
   29.0834969282150     
  3.035208094090487E-004
  2.690255969629189E-004
  3.932227948128820E-004
  3.087033217638819E-004
  5.700070406847218E-004
  5.896067303343109E-004
  0.000000000000000E+000
  0.000000000000000E+000
  0.000000000000000E+000
  0.000000000000000E+000
  0.000000000000000E+000
  0.000000000000000E+000
  0.000000000000000E+000
  0.000000000000000E+000
  0.000000000000000E+000
  0.000000000000000E+000
  0.000000000000000E+000
  0.000000000000000E+000
  0.000000000000000E+000
  0.000000000000000E+000
  0.000000000000000E+000
  0.000000000000000E+000
  0.000000000000000E+000
  0.000000000000000E+000
  0.000000000000000E+000
  0.000000000000000E+000
  0.000000000000000E+000
  0.000000000000000E+000
  0.000000000000000E+000
  0.000000000000000E+000
  0.000000000000000E+000
  0.000000000000000E+000
  0.000000000000000E+000
  0.000000000000000E+000
  0.000000000000000E+000
  0.000000000000000E+000
  0.000000000000000E+000
  0.000000000000000E+000
  0.000000000000000E+000
  0.000000000000000E+000
  0.000000000000000E+000
  0.000000000000000E+000
  0.000000000000000E+000
  0.000000000000000E+000
  0.000000000000000E+000
  0.000000000000000E+000
  0.000000000000000E+000
  0.000000000000000E+000
  0.000000000000000E+000
  0.000000000000000E+000
  0.000000000000000E+000
  0.000000000000000E+000
   21.0118061304092     
   21.3169890642166     
   21.0132223367691     
   21.0132181644440     
   17.0429241657257     
   19.7986388206482     
   17.0429232716560     
   18.6373645067215     
   18.2539540529251     
   17.7238367497921     
   18.4068888425827     
   18.4068891406059     
  0.000000000000000E+000
  0.000000000000000E+000
  0.000000000000000E+000
  0.000000000000000E+000
 -1.717123446521992E-004
 -1.865777494215996E-004
 -1.881137274013753E-004
 -1.857975077860254E-004
 -1.869360747523675E-004
 -2.159617905077043E-004
  1.923973407119471E-003
  2.181506731098047E-003
  2.189147495221498E-003
  8.813793413649370E-004
  1.395485224763877E-005
  1.530748716555780E-005
  3.042002315286021E-006
  2.360602761992376E-004
  2.147658002346452E-005
  0.000000000000000E+000
  2.118124807090580E-004
  8.550529440104204E-006
  4.531155557651217E-005
  4.566511981171116E-005
  1.638926480540500E-003
  5.101428183994465E-004
  6.022293477572832E-004
  1.525128274639942E-003
  1.516099950250532E-003
  0.000000000000000E+000
  0.000000000000000E+000
  0.000000000000000E+000
  0.000000000000000E+000
  1.737530969059488E-005
  0.000000000000000E+000
  0.000000000000000E+000
  0.000000000000000E+000
  0.000000000000000E+000
  0.000000000000000E+000
  0.000000000000000E+000
   22.3187726736069     
   19.1930750012398     
   18.7585559487343     
   18.7501546740532     
  1.342580521930389E-003
  9.374280637152498E-004
  1.570763865091178E-003
  1.657559628952130E-003
  0.000000000000000E+000
  0.000000000000000E+000
  0.000000000000000E+000
  0.000000000000000E+000
  0.000000000000000E+000
  0.000000000000000E+000
  0.000000000000000E+000
  0.000000000000000E+000
  0.000000000000000E+000
  0.000000000000000E+000
  0.000000000000000E+000
  0.000000000000000E+000
  0.000000000000000E+000
  0.000000000000000E+000
  0.000000000000000E+000
  0.000000000000000E+000
  0.000000000000000E+000
  0.000000000000000E+000
  0.000000000000000E+000
  0.000000000000000E+000
   7.64118492603302     
   7.64376223087311     
   5.51176548004150     
   15.8139329403639     
  0.000000000000000E+000
  0.000000000000000E+000
  0.000000000000000E+000
  0.000000000000000E+000
  0.000000000000000E+000
  0.000000000000000E+000
  0.000000000000000E+000
  0.000000000000000E+000
  0.000000000000000E+000
   18.4968286752701     
  0.000000000000000E+000
  0.000000000000000E+000
  0.000000000000000E+000
  0.000000000000000E+000
  0.000000000000000E+000
  0.000000000000000E+000
  0.000000000000000E+000
  0.000000000000000E+000
  0.000000000000000E+000
  0.000000000000000E+000
  0.000000000000000E+000
   11.9494387507439     
   11.9512879848480     
  0.000000000000000E+000
  0.000000000000000E+000
  0.000000000000000E+000
  0.000000000000000E+000
  0.000000000000000E+000
   19.8095771670341     
   18.0036705732346     
  0.000000000000000E+000
   18.2130616903305     
   18.2130849361420     
   18.2164609432220     
  0.000000000000000E+000
  0.000000000000000E+000
  0.000000000000000E+000
  0.000000000000000E+000
   20.0164243578911     
  0.000000000000000E+000
   31.7066717147827     
   23.7082123756409     
   23.7082093954086     
   27.0605021715164     
  0.000000000000000E+000
  0.000000000000000E+000
  0.000000000000000E+000
   26.3000744581223     
   26.3000607490540     
   26.3037705421448     
   27.2904902696609     
  0.000000000000000E+000
  0.000000000000000E+000
  0.000000000000000E+000
  0.000000000000000E+000
   25.6574261188507     
  0.000000000000000E+000
  0.000000000000000E+000
  0.000000000000000E+000
  0.000000000000000E+000
  0.000000000000000E+000
  0.000000000000000E+000
  0.000000000000000E+000
   22.1027365326881     
  0.000000000000000E+000
  0.000000000000000E+000
  0.000000000000000E+000
  0.000000000000000E+000
  0.000000000000000E+000
  0.000000000000000E+000
  0.000000000000000E+000
  0.000000000000000E+000
  0.000000000000000E+000
  0.000000000000000E+000
  0.000000000000000E+000
  0.000000000000000E+000
  0.000000000000000E+000
  0.000000000000000E+000
  0.000000000000000E+000
  0.000000000000000E+000
  0.000000000000000E+000
   47.4339145421982     
   47.4227966368198     
   47.4335479736328     
   47.4335479736328     
  0.000000000000000E+000
  0.000000000000000E+000
  0.000000000000000E+000
  0.000000000000000E+000
  0.000000000000000E+000
  0.000000000000000E+000
  0.000000000000000E+000
  0.000000000000000E+000
  0.000000000000000E+000
  0.000000000000000E+000
  0.000000000000000E+000
 -9.477546994187618E-004
 -8.934830737738744E-004
 -9.079899566862296E-004
 -9.056613115003131E-004
 -9.673381197085927E-004
 -9.594484394467658E-004
 -1.018914224706564E-003
 -9.738640512456472E-004
  2.147114129537546E-003
  2.538184640595520E-003
  1.513020627439812E-003
 -4.743519082148871E-006
 -4.913179467391535E-006
 -4.504105373422711E-006
 -3.927370397085733E-004
 -3.783571115161712E-004
 -3.728772688885619E-004
  1.794256421331150E-003
  2.052266190624347E-003
  2.059448757485601E-003
  1.194632166144543E-004
  5.543687902525027E-005
  7.396750465137878E-005
  0.000000000000000E+000
 -3.873262027684566E-004
  1.916567480913291E-003
  1.715811541661172E-003
  1.038303567840085E-003
  1.241428882484602E-003
  1.703757980027274E-004
  1.133702162532427E-003
  0.000000000000000E+000
 -3.915473728174918E-004
 -3.914746800556077E-004
  0.000000000000000E+000
  0.000000000000000E+000
  0.000000000000000E+000
  0.000000000000000E+000
  0.000000000000000E+000
  5.689752732655091E-005
  2.247373960523046E-003
  6.173463505523489E-004
  6.110793999900139E-004
  4.348201586381759E-004
  0.000000000000000E+000
  1.618328378362647E-007
  0.000000000000000E+000
  6.110979460409201E-005
  0.000000000000000E+000
  2.757442804484531E-005
  2.688987672189139E-005
  1.312281069338404E-003
  0.000000000000000E+000
  0.000000000000000E+000
  0.000000000000000E+000
  0.000000000000000E+000
  0.000000000000000E+000
  0.000000000000000E+000
  0.000000000000000E+000
  1.560516791775099E-003
  1.562508935331694E-003
  1.604490455470562E-003
  1.715442294877219E-003
 -1.828727011926908E-005
  8.894304774680861E-005
  5.176282790215831E-005
 -2.488225140654210E-005
 -1.852896405770161E-005
  1.712092267800845E-004
  1.707775713681056E-004
  7.276567788937370E-004
  0.000000000000000E+000
  7.574194245931032E-005
  1.865542439650100E-004
  3.493839819672355E-005
  3.593246835401666E-005
  2.913571634241917E-006
  1.139179277768587E-004
  6.127711963446394E-004
  1.619187854686060E-003
  0.000000000000000E+000
  0.000000000000000E+000
  0.000000000000000E+000
  0.000000000000000E+000
  0.000000000000000E+000
  2.123467492309889E-003
  2.120266553150520E-003
  0.000000000000000E+000
  1.501230757545182E-003
  1.507096169419035E-003
  1.807795049629694E-004
  4.486170985109225E-004
  2.170893561435867E-006
  4.699990209933764E-007
  0.000000000000000E+000
  1.376114724139278E-004
  0.000000000000000E+000
  6.309155607242995E-004
  4.008976148328220E-004
  5.859079793461458E-005
  1.119922034831841E-003
  1.114068027814432E-003
  3.055407921769650E-004
  8.322405037580920E-004
  3.087647294242714E-006
  3.065281776975738E-005
  8.250612873250482E-004
  8.254047587390556E-004
  8.250448543243029E-004
 -7.977571455374361E-006
 -8.218731849139616E-006
 -6.063296782993673E-005
  3.320363317523394E-008
  0.000000000000000E+000
  0.000000000000000E+000
  5.128181023184563E-004
  0.000000000000000E+000
  0.000000000000000E+000
  0.000000000000000E+000
  0.000000000000000E+000
  0.000000000000000E+000
  4.987708048823132E-005
  4.989270934935203E-005
  1.759550673049499E-007
  1.435783547000088E-003
  0.000000000000000E+000
  0.000000000000000E+000
  0.000000000000000E+000
  0.000000000000000E+000
  0.000000000000000E+000
  0.000000000000000E+000
  0.000000000000000E+000
  0.000000000000000E+000
  0.000000000000000E+000
  1.943851565364483E-003
  0.000000000000000E+000
  0.000000000000000E+000
  0.000000000000000E+000
  0.000000000000000E+000
  1.179253595854283E-004
  0.000000000000000E+000
  0.000000000000000E+000
  0.000000000000000E+000
  0.000000000000000E+000
  0.000000000000000E+000
  2.382179096290574E-004
  2.881052784199987E-004
  4.251249968098897E-004
  0.000000000000000E+000
  0.000000000000000E+000
  0.000000000000000E+000
  1.348547940692359E-004
  0.000000000000000E+000
  0.000000000000000E+000
  0.000000000000000E+000
  0.000000000000000E+000
  0.000000000000000E+000
  0.000000000000000E+000
  0.000000000000000E+000
  2.966440438936677E-006
  0.000000000000000E+000
  2.764568439155890E-006
  0.000000000000000E+000
  0.000000000000000E+000
  0.000000000000000E+000
  0.000000000000000E+000
  0.000000000000000E+000
  0.000000000000000E+000
  0.000000000000000E+000
  1.971695299877354E-003
  1.893319534899557E-003
  0.000000000000000E+000
  1.831311504193904E-003
  0.000000000000000E+000
  0.000000000000000E+000
  8.499975254073099E-004
  0.000000000000000E+000
  0.000000000000000E+000
  0.000000000000000E+000
  0.000000000000000E+000
  0.000000000000000E+000
  2.086156574113432E-003
  0.000000000000000E+000
  0.000000000000000E+000
  0.000000000000000E+000
   22.0543026924133     
  0.000000000000000E+000
  0.000000000000000E+000
  0.000000000000000E+000
  2.161545084763713E-003
  0.000000000000000E+000
  0.000000000000000E+000
  0.000000000000000E+000
  0.000000000000000E+000
  0.000000000000000E+000
  0.000000000000000E+000
  0.000000000000000E+000
  0.000000000000000E+000
  0.000000000000000E+000
  0.000000000000000E+000
  0.000000000000000E+000
  0.000000000000000E+000
  0.000000000000000E+000
  0.000000000000000E+000
  0.000000000000000E+000
   21.9936424493790     
   21.9408220052719     
  1.579494692460613E-003
  1.676406615554089E-003
   21.9546371698380     
   20.2019023895264     
   9.40815843641758     
  0.000000000000000E+000
   18.8931742310524     
   17.3465290665627     
   17.3515072464943     
  0.000000000000000E+000
   21.0149905085564     
   15.8852308243513     
  0.000000000000000E+000
  0.000000000000000E+000
  0.000000000000000E+000
   30.7188647985458     
   32.5209546089172     
  0.000000000000000E+000
  0.000000000000000E+000
  0.000000000000000E+000
  0.000000000000000E+000
  0.000000000000000E+000
  0.000000000000000E+000
  0.000000000000000E+000
  0.000000000000000E+000
  0.000000000000000E+000
  0.000000000000000E+000
  0.000000000000000E+000
   32.0816841721535     
   29.9181137979031     
   26.8775653839111     
   28.7679880857468     
   31.4718699455261     
   35.9362342953682     
  0.000000000000000E+000
   33.6228543519974     
  0.000000000000000E+000
  0.000000000000000E+000
  0.000000000000000E+000
  0.000000000000000E+000
  0.000000000000000E+000
  0.000000000000000E+000
  0.000000000000000E+000
   20.1227754354477     
   20.1227623224258     
  0.000000000000000E+000
  0.000000000000000E+000
  0.000000000000000E+000
   23.2028999924660     
   27.9442000389099     
  0.000000000000000E+000
   18.3601304888725     
   21.0588461160660     
  0.000000000000000E+000
  0.000000000000000E+000
   19.8150864243507     
  0.000000000000000E+000
  0.000000000000000E+000
  0.000000000000000E+000
  0.000000000000000E+000
  0.000000000000000E+000
  0.000000000000000E+000
  0.000000000000000E+000
  0.000000000000000E+000
   26.3911488652229     
   26.3912451267242     
  0.000000000000000E+000
  0.000000000000000E+000
  0.000000000000000E+000
   30.3802141547203     
  0.000000000000000E+000
  0.000000000000000E+000
  0.000000000000000E+000
   21.4505112171173     
   20.5668091773987     
  0.000000000000000E+000
   20.5943799018860     
   20.6031316518784     
  0.000000000000000E+000
   24.2822599411011     
   35.0541865825653     
  3.011934903098307E-004
  0.000000000000000E+000
   22.4320352077484     
  0.000000000000000E+000
  0.000000000000000E+000
  0.000000000000000E+000
  0.000000000000000E+000
  0.000000000000000E+000
  0.000000000000000E+000
   30.2409455180168     
   30.2408912777901     
   30.2452808618546     
  0.000000000000000E+000
  0.000000000000000E+000
  1.500071704701253E-004
   28.3871513605118     
   28.3870741724968     
   29.5263329148293     
  0.000000000000000E+000
  0.000000000000000E+000
  0.000000000000000E+000
  0.000000000000000E+000
  0.000000000000000E+000
  0.000000000000000E+000
  0.000000000000000E+000
  0.000000000000000E+000
  0.000000000000000E+000
  0.000000000000000E+000
  0.000000000000000E+000
  0.000000000000000E+000
  0.000000000000000E+000
  0.000000000000000E+000
  0.000000000000000E+000
   29.1003376245499     
   29.1014242172241     
  0.000000000000000E+000
  0.000000000000000E+000
  0.000000000000000E+000
   17.3254972696304     
   33.5960403084755     
   26.1177411675453     
   30.4243075847626     
  0.000000000000000E+000
  0.000000000000000E+000
  0.000000000000000E+000
  0.000000000000000E+000
   35.8968335390091     
   35.8968758583069     
  0.000000000000000E+000
  0.000000000000000E+000
  0.000000000000000E+000
  0.000000000000000E+000
   26.7383795976639     
   25.4019103944302     
   24.7334471344948     
   21.8909898400307     
   25.8879211544991     
   25.8878904581070     
  0.000000000000000E+000
   21.8902698159218     
  0.000000000000000E+000
  0.000000000000000E+000
  0.000000000000000E+000
 -9.162481035030474E-004
 -9.221070635951818E-004
 -9.130779828492845E-004
 -9.125905884211610E-004
 -8.043140535218887E-004
 -8.043602660968703E-004
 -8.574253266260082E-004
 -8.399775881477697E-004
 -6.252247863768222E-004
 -9.846400575151686E-004
 -9.841798740006160E-004
 -9.634963113706069E-004
 -9.658502515231974E-004
 -7.624355233128726E-004
 -7.695485688723525E-004
 -1.023509440435002E-003
 -7.452951747007188E-004
 -7.444744289181212E-004
 -9.541969171068206E-004
 -9.507259263459584E-004
 -8.207750911213228E-004
 -9.381404649102095E-004
 -5.919634243764384E-004
 -6.614425567468687E-004
 -5.919652919142700E-004
  1.276553259606667E-003
 -7.386657857465417E-004
 -7.291482055731734E-004
 -7.193913867296114E-004
 -7.080690975546505E-004
 -7.711056007706827E-004
 -5.438318318171505E-004
  1.216847332787279E-003
 -7.631575287416363E-004
  1.404509488621431E-003
 -8.355190518242097E-004
  1.928442229332773E-003
 -7.602500097822560E-004
  3.557936275764950E-004
 -7.242805701480711E-004
 -7.228185875131075E-004
 -3.379901813159717E-004
 -6.162153303758669E-004
 -6.055619687683880E-004
 -6.007340903472433E-004
 -6.848871433400863E-004
 -8.296512439444864E-005
 -9.131233622356967E-005
 -1.469778069576504E-005
 -4.676897197241247E-005
  0.000000000000000E+000
 -4.723489325619650E-005
 -8.997014446663231E-005
 -9.099354079671724E-005
 -3.240914267536437E-004
  3.496793914094473E-004
  4.139935552161427E-004
  1.221309471235906E-003
  1.451053705409240E-003
 -5.587049442000143E-005
 -3.290566860849935E-004
 -3.280645866825083E-004
  0.000000000000000E+000
 -1.035267888775669E-004
  1.785174833229391E-003
 -1.022645493844179E-004
 -9.330997001597401E-005
  0.000000000000000E+000
  0.000000000000000E+000
 -4.776922619143691E-005
 -4.848530892045946E-005
  1.486592487472473E-004
  7.865916747305834E-005
  1.056529423267175E-004
  0.000000000000000E+000
  1.927982782401583E-004
 -3.318750555994390E-004
 -3.169541514158800E-005
  3.535883640475411E-005
  0.000000000000000E+000
 -1.519365732903950E-005
  2.537021940434848E-004
 -1.546037981859553E-005
 -4.710501841575355E-007
 -8.936389602062340E-006
 -6.512592592254146E-007
 -2.803139196757615E-004
 -9.058944225990795E-006
  3.662379683342994E-005
 -7.759086714039171E-005
 -8.844391417454970E-006
 -3.864470398351745E-004
  0.000000000000000E+000
 -3.423345291749238E-004
 -2.775003972825059E-004
  0.000000000000000E+000
  4.995175851610256E-004
  0.000000000000000E+000
 -4.396134349457046E-005
 -1.696530058871295E-005
  1.212541886019780E-003
  2.264590784895528E-003
  4.851398156695196E-004
  8.085239425038216E-004
 -3.306920984657530E-004
 -3.313436008326342E-004
  0.000000000000000E+000
  7.313852518501993E-006
 -3.589713921593027E-004
 -3.602045841848599E-004
 -1.038320424422024E-004
  0.000000000000000E+000
  5.814993089383084E-004
 -5.200336772572614E-004
  5.884611044210237E-004
 -1.347809285679679E-005
 -3.235013994113486E-004
 -1.431574660895245E-005
 -1.349218269340032E-005
 -1.048958608345638E-004
 -8.001473176656986E-005
 -2.035194253728966E-004
  1.902346001827520E-003
 -5.241873030383382E-005
 -2.047274867654598E-004
 -2.508626778801160E-004
  1.021460499342462E-003
  1.800406292458019E-003
  1.285817323278823E-005
  1.397925963957560E-005
  7.922491858013155E-004
  0.000000000000000E+000
  0.000000000000000E+000
  2.793119126998318E-006
  6.870826766228370E-004
  3.523175643472498E-007
  1.762112387274071E-003
  8.468276266642834E-006
  7.226409861206003E-006
  1.462249664282247E-003
 -5.873420220683335E-005
  2.130498478473603E-003
  0.000000000000000E+000
 -3.572565111658534E-005
  2.899214556012958E-004
  2.138176472240655E-003
  1.520095907726952E-003
 -5.849048298440971E-005
   31.2006175518036     
   31.1767810583115     
  1.595356544268724E-003
  0.000000000000000E+000
  0.000000000000000E+000
   31.1909234523773     
  6.754539169719058E-004
  7.271590190288251E-004
  1.313117360435857E-003
  5.300906134729457E-004
  9.136529768684338E-004
  8.959383861932930E-004
  0.000000000000000E+000
  0.000000000000000E+000
  1.751224619839934E-003
  0.000000000000000E+000
  3.850060656677909E-004
  2.291736662262719E-004
  1.795077752242398E-003
  1.624992583807804E-003
  2.269410522734395E-004
  1.636188703995776E-003
  1.656186845783032E-003
 -1.106623519493408E-006
 -1.187131041395088E-006
 -7.853793239801806E-007
 -1.073278535939672E-004
 -1.077987471378349E-004
 -1.200392137828290E-005
 -3.442452254562975E-005
 -3.628966322656390E-004
 -1.937109836168366E-005
  1.927446110822109E-004
 -7.659133123923230E-006
 -1.936003638115747E-005
  5.036203521776430E-004
  2.047843085718652E-003
  2.495844177226378E-003
  1.754741217994074E-003
  8.524525483426528E-005
  0.000000000000000E+000
  2.036767218800081E-003
  2.034128750028383E-003
  2.532236339132307E-004
  3.805474473121571E-004
 -7.482655724023450E-007
  4.884315014173503E-004
  0.000000000000000E+000
  0.000000000000000E+000
  2.028055611604669E-003
 -7.295611704691087E-006
  4.859512290281654E-004
  0.000000000000000E+000
 -8.085670541928153E-007
  2.999265619326227E-004
  3.031067749840737E-004
  3.021023317900212E-004
  3.919976550570117E-004
  0.000000000000000E+000
  0.000000000000000E+000
  7.904137687010152E-004
  0.000000000000000E+000
  0.000000000000000E+000
  0.000000000000000E+000
  2.971288641044875E-004
  1.518914174249005E-003
  1.761126210650251E-003
  6.086995003803152E-004
  3.223920174234984E-004
  6.077954055222783E-004
  1.269041156057752E-004
  1.249914236094760E-004
  3.399188385658884E-005
  2.534337944145865E-004
  5.558090826783315E-004
  2.624196258704022E-004
  8.580557556394061E-004
  6.016683847997314E-005
  5.549741075550267E-004
  3.127229125128935E-004
  0.000000000000000E+000
 -2.048247417066385E-006
  1.855480226325404E-005
  1.385187858481947E-005
  1.847490584240022E-005
  1.379738318964402E-005
  6.343468353725134E-004
  3.040607078436090E-005
  2.965496346635448E-005
  8.019818278055305E-004
  0.000000000000000E+000
  2.044692028579346E-004
  2.236760163492967E-003
 -1.017608047860171E-006
  0.000000000000000E+000
  0.000000000000000E+000
  0.000000000000000E+000
  0.000000000000000E+000
  2.128266349668235E-003
 -1.119489647911695E-006
  1.676035612406362E-004
  2.112719403062945E-003
  0.000000000000000E+000
  1.385827335537312E-004
  2.087713452519322E-003
  2.021905263083035E-003
  1.805334836869054E-003
  0.000000000000000E+000
  2.104628582790425E-003
 -2.112497493084177E-006
  0.000000000000000E+000
  4.995565173089421E-004
  0.000000000000000E+000
  0.000000000000000E+000
   31.6685757040977     
   31.6685521602631     
 -5.422496751383945E-005
  0.000000000000000E+000
  0.000000000000000E+000
  6.898982450832570E-006
  1.636845414168859E-004
  0.000000000000000E+000
 -5.507214292628450E-005
  8.745725996734332E-005
  2.062658411188847E-003
  8.151821490650440E-004
  3.477309590880237E-006
  4.351928678702774E-004
  1.539278293096068E-003
  8.711527628265856E-005
  3.170651307900497E-004
  3.162012867124451E-004
   31.9752645492554     
  0.000000000000000E+000
  0.000000000000000E+000
  1.716235428819010E-003
  0.000000000000000E+000
   24.8485785722733     
  0.000000000000000E+000
  1.519280269767475E-004
  0.000000000000000E+000
  0.000000000000000E+000
  2.263915639989713E-003
  0.000000000000000E+000
  1.871598182663024E-003
  1.871419763042069E-003
  0.000000000000000E+000
  0.000000000000000E+000
  0.000000000000000E+000
  1.640735257222100E-003
  1.164891755096704E-003
  1.608206470885678E-003
  1.706778815079940E-003
  1.718462698150449E-003
  0.000000000000000E+000
  2.836248088396605E-004
  2.799649544756524E-004
  2.187867509850137E-004
  0.000000000000000E+000
  1.628805921756462E-004
  0.000000000000000E+000
  1.420930324589355E-004
  0.000000000000000E+000
  1.731049255714490E-004
   32.4906781315804     
  0.000000000000000E+000
  1.268319770195421E-005
  0.000000000000000E+000
  2.110334789834526E-003
  0.000000000000000E+000
  7.608991547794529E-004
  0.000000000000000E+000
  8.040872055904951E-004
  0.000000000000000E+000
   21.1617041379213     
  0.000000000000000E+000
 -2.942226441085248E-004
  0.000000000000000E+000
 -2.907558188534109E-004
  0.000000000000000E+000
 -3.164612328283658E-004
 -3.192770919982500E-004
  2.069128517578957E-004
  5.040108090817762E-004
  4.248423992560338E-004
  4.237540369850369E-004
  1.856319181347381E-003
  1.650566551676610E-003
  1.174212710057660E-003
  0.000000000000000E+000
  4.014468856452699E-004
  2.279607359855386E-004
 -6.585517829053209E-005
  1.955256580756407E-004
  1.940798033011410E-004
  0.000000000000000E+000
  2.186981667129026E-004
  1.013232576587661E-003
  1.388803752852500E-003
  0.000000000000000E+000
  0.000000000000000E+000
   24.1788488626480     
  0.000000000000000E+000
  0.000000000000000E+000
  5.733749910389870E-004
  1.212733724620611E-003
   26.1886873841286     
  1.718682194786780E-003
  0.000000000000000E+000
  0.000000000000000E+000
  1.450248705682337E-003
  7.427747431104386E-005
  1.536181636853263E-003
  8.797661082174098E-004
  1.521726102861425E-003
