   20.0000049145251     
   20.0000049145251     
   20.0000049145251     
   20.0000049145251     
   20.0000049145251     
   20.0000049145251     
   20.0000049145251     
   20.0000049145251     
   20.0000049145251     
   20.0000049145251     
   20.0000049145251     
   20.0000049145251     
   20.0000049145251     
   20.0000049145251     
   20.0000049145251     
   20.0000049145251     
   20.0000049145251     
   20.0000049145251     
   20.0000049145251     
   20.0000049145251     
   20.0000049145251     
   20.0000049145251     
   20.0000049145251     
   20.0000049145251     
   20.0000049145251     
   20.0000049145251     
   20.0000049145251     
   20.0000049145251     
   20.0000049145251     
   20.0000049145251     
   20.0000049145251     
   20.0000049145251     
   20.0000049145251     
   20.0000049145251     
   20.0000049145251     
   20.0000049145251     
   20.0000049145251     
   20.0000049145251     
   20.0000049145251     
   20.0000049145251     
   20.0000049145251     
   20.0000049145251     
   20.0000049145251     
   20.0000049145251     
   20.0000049145251     
   20.0000049145251     
   20.0000049145251     
   20.0000049145251     
   20.0000049145251     
   20.0000049145251     
   20.0000049145251     
   20.0000049145251     
   20.0000049145251     
   20.0000049145251     
   20.0000049145251     
   20.0000049145251     
   20.0000049145251     
   20.0000049145251     
   20.0000049145251     
   20.0000049145251     
   20.0000049145251     
   20.0000049145251     
   20.0000049145251     
   20.0000049145251     
   20.0000049145251     
   20.0000049145251     
   20.0000049145251     
   20.0000049145251     
   20.0000049145251     
   20.0000049145251     
   20.0000049145251     
   20.0000049145251     
   20.0000049145251     
   20.0000049145251     
   20.0000049145251     
   20.0000049145251     
   20.0000049145251     
   20.0000049145251     
   20.0000049145251     
   20.0000049145251     
   20.0000049145251     
   20.0000049145251     
   20.0000049145251     
   20.0000049145251     
   20.0000049145251     
   20.0000049145251     
   20.0000049145251     
   20.0000049145251     
   20.0000049145251     
   20.0000049145251     
   20.0000049145251     
   20.0000049145251     
   20.0000049145251     
   20.0000049145251     
   20.0000049145251     
   20.0000049145251     
   20.0000049145251     
   20.0000049145251     
   20.0000049145251     
   20.0000049145251     
   20.0000049145251     
   20.0000049145251     
   20.0000049145251     
   20.0000049145251     
   20.0000049145251     
   20.0000049145251     
   20.0000049145251     
   20.0000049145251     
   20.0000049145251     
   20.0000049145251     
   20.0000049145251     
   20.0000049145251     
   20.0000049145251     
   20.0000049145251     
   20.0000049145251     
   20.0000049145251     
   20.0117523935815     
   20.0116628456508     
   20.0132314281492     
   20.0131171471860     
   20.0069115606704     
   20.0068497230308     
   20.0064385902997     
   20.0070003514479     
   20.0068893380594     
   20.0046801148886     
   20.0050239209262     
   20.0051105087427     
   20.0034162514691     
   20.0038547072210     
   20.0035009807140     
   20.0035608142954     
   20.0025780344608     
   20.0023686433329     
   20.0023862982608     
   20.0024269405822     
   20.0007804479482     
   20.0007913861700     
   20.0007966249961     
   20.0007833301956     
   20.0001963490819     
   20.0001926890611     
   20.0001942772949     
   20.0001975441195     
   20.0155429387295     
   20.0156881484017     
   20.0161239199212     
   20.0154665869871     
   20.0165963629626     
   20.0169047137126     
   20.0083852837103     
   20.0083333108962     
   20.0083945134602     
   20.0079760050598     
   20.0072317149531     
   20.0071920516023     
   20.0072587332282     
   20.0056202962551     
   20.0054902098154     
   20.0055379807759     
   20.0051101295081     
   20.0043674569648     
   20.0046556586808     
   20.0042587762606     
   20.0042047356243     
   20.0045817169135     
   20.0045369544349     
   20.0049485645578     
   20.0032635821239     
   20.0036495690318     
   20.0037575922849     
   20.0036380481220     
   20.0037165547557     
   20.0059237572307     
   20.0057706445135     
   20.0047205732169     
   20.0040636594934     
   20.0041183012092     
   20.0036650252442     
   20.0035329257998     
   20.0026553283794     
   20.0033251901842     
   20.0032784956615     
   20.0031373734564     
   20.0031474039445     
   20.0032084379341     
   20.0023564414426     
   20.0026002187920     
   20.0023211029214     
   20.0024044639763     
   20.0025552322058     
   20.0023603556251     
   20.0023686074863     
   20.0024135961289     
   20.0012223633656     
   20.0015487725137     
   20.0004840299961     
   20.0004930851478     
   20.0004946363209     
   20.0004862314004     
   20.0007150215140     
   20.0006486180065     
   20.0007268266930     
   20.0006527241386     
   20.0003271161729     
   20.0003305908420     
   20.0003311489718     
   20.0003366953019     
   20.0079884092951     
   20.0091626078528     
   20.0086050683614     
   20.0093049838873     
   20.0117732949648     
   20.0117144820625     
   20.0118961013987     
   20.0116184032938     
   20.0116230492724     
   20.0120558665720     
   20.0160547227988     
   20.0164389477567     
   20.0163296706043     
   20.0149688870353     
   20.0152840136678     
   20.0152366690313     
   20.0154577780348     
   20.0129497654461     
   20.0119764856375     
   20.0121545242964     
   20.0129210528491     
   20.0147641846624     
   20.0149067633313     
   20.0150001116429     
   20.0150725601615     
   20.0131846344697     
   20.0142877484671     
   20.0146235385348     
   20.0145224043401     
   20.0086015801356     
   20.0087706918541     
   20.0088802960433     
   20.0092482816005     
   20.0104358197991     
   20.0096919549430     
   20.0097596292851     
   20.0033924876610     
   20.0034949801346     
   20.0033789928714     
   20.0034410450746     
   20.0023037246380     
   20.0024883260917     
   20.0024559620585     
   20.0024687359425     
   20.0156319239873     
   20.0155291209006     
   20.0157666689190     
   20.0159153367291     
   20.0036631886699     
   20.0093556315063     
   20.0081741434722     
   20.0081974710695     
   20.0083687052741     
   20.0068204409460     
   20.0069088479579     
   20.0085868616388     
   20.0071947874740     
   20.0089077014554     
   20.0090232069931     
   20.0091059390385     
   20.0072423193656     
   20.0071669542211     
   20.0024838898531     
   20.0021438240441     
   20.0028467459671     
   20.0028159440919     
   20.0019914876959     
   20.0020183654426     
   20.0026183506071     
   20.0026014710504     
   20.0027459015210     
   20.0024232331241     
   20.0029531340329     
   20.0021164752302     
   20.0020910811208     
   20.0042416218768     
   20.0043500961566     
   20.0042669536211     
   20.0026890356012     
   20.0029288430717     
   20.0026741857568     
   20.0017112981513     
   20.0019893467414     
   20.0019503465270     
   20.0019469946365     
   20.0076656994390     
   20.0080186471384     
   20.0036350459816     
   20.0037147851149     
   20.0037824583125     
   20.0054328047105     
   20.0046803438430     
   20.0054058811121     
   20.0026998921206     
   20.0026790087841     
   20.0032704705669     
   20.0050736628390     
   20.0020411400484     
   20.0026290978086     
   20.0026051901265     
   20.0018468555212     
   20.0010765717371     
   20.0049303730702     
   20.0010666315671     
   20.0010872154102     
   20.0010639731869     
   20.0038115631961     
   20.0038713383571     
   20.0033741688081     
   20.0035697337126     
   20.0010926308498     
   20.0039633379069     
   20.0006304486621     
   20.0008453025399     
   20.0008586865593     
   20.0006302483286     
   20.0051223171388     
   20.0051592126998     
   20.0049262537584     
   20.0007428871753     
   20.0007296793479     
   20.0007260087014     
   20.0007474702151     
   20.0028045473929     
   20.0026426378962     
   20.0027083769574     
   20.0026605292775     
   20.0016002914774     
   20.0027925318797     
   20.0028381759793     
   20.0026040360890     
   20.0033313141079     
   20.0032650892338     
   20.0032736114069     
   20.0052302088378     
   20.0014854264778     
   20.0019187871240     
   20.0018536770574     
   20.0018986198608     
   20.0018657905210     
   20.0053149518753     
   20.0073840854699     
   20.0075187563679     
   20.0016782212231     
   20.0017055222129     
   20.0019156225967     
   20.0055923969467     
   20.0066277481852     
   20.0064962431630     
   20.0046611669600     
   20.0077209021799     
   20.0037329365143     
   20.0015158892703     
   20.0000945874047     
   20.0000972631219     
   20.0000974358100     
   20.0000958811552     
   20.0014306724089     
   20.0014549297112     
   20.0014473505377     
   20.0016670869978     
   20.0016371861012     
   20.0016277944625     
   20.0017056465164     
   20.0011668196570     
   20.0011870953920     
   20.0011614568519     
   20.0011937017490     
   20.0087197112599     
   20.0087073131241     
   20.0086190520063     
   20.0086137242096     
   20.0086794573427     
   20.0086166859351     
   20.0086630862019     
   20.0087533545374     
   20.0166095040131     
   20.0163778319055     
   20.0167575577832     
   20.0134938336809     
   20.0135335560619     
   20.0137398879488     
   20.0108066859944     
   20.0109231079278     
   20.0107746932366     
   20.0165009647839     
   20.0165978345011     
   20.0165155006593     
   20.0159336356110     
   20.0157057439963     
   20.0156418727119     
   20.0147094462154     
   20.0110015051183     
   20.0157809168062     
   20.0161876442029     
   20.0156754216845     
   20.0166838660201     
   20.0158068649267     
   20.0166372572885     
   20.0081984404185     
   20.0106947495694     
   20.0106535337989     
   20.0143681832058     
   20.0081178018474     
   20.0143955750919     
   20.0080447687018     
   20.0080055793602     
   20.0121296551060     
   20.0169393470484     
   20.0138326743787     
   20.0137817752609     
   20.0127094579836     
   20.0093550807067     
   20.0108715332183     
   20.0037677012279     
   20.0119047066122     
   20.0148953652512     
   20.0107011063456     
   20.0106539115847     
   20.0167624068518     
   20.0036785946728     
   20.0036615421196     
   20.0037301245390     
   20.0053653777691     
   20.0053463978971     
   20.0055566254426     
   20.0054933585935     
   20.0149675891104     
   20.0150456921486     
   20.0150378492378     
   20.0169503950889     
   20.0132823643323     
   20.0130526292493     
   20.0121211040342     
   20.0133680071171     
   20.0132423868143     
   20.0118034105663     
   20.0117352688896     
   20.0167101031977     
   20.0101743324767     
   20.0118921052599     
   20.0112100208286     
   20.0104550754331     
   20.0105024275289     
   20.0108116021209     
   20.0111464600921     
   20.0141295716246     
   20.0166536063376     
   20.0076004238391     
   20.0074889654369     
   20.0075267841836     
   20.0087382497571     
   20.0086639631090     
   20.0158307828323     
   20.0157756775849     
   20.0094732255230     
   20.0166965671790     
   20.0168355322578     
   20.0119072613047     
   20.0136015875357     
   20.0148718345172     
   20.0116559598445     
   20.0149581312757     
   20.0153740806508     
   20.0148985842742     
   20.0161788474671     
   20.0134545307853     
   20.0129502095295     
   20.0163827505765     
   20.0164937884327     
   20.0130276263111     
   20.0152273612671     
   20.0117140952560     
   20.0153366739428     
   20.0140434682871     
   20.0141329019659     
   20.0139671236490     
   20.0135147652576     
   20.0135028032624     
   20.0132897141215     
   20.0107907236706     
   20.0108498964537     
   20.0103314956568     
   20.0137205974959     
   20.0107864756031     
   20.0109962135720     
   20.0110012832894     
   20.0069442158371     
   20.0053599063171     
   20.0116187336427     
   20.0117085700541     
   20.0103188938145     
   20.0167385009503     
   20.0048327707725     
   20.0048088640487     
   20.0048862393836     
   20.0047880597829     
   20.0051721405159     
   20.0050942957356     
   20.0050710499417     
   20.0099076619426     
   20.0100028307036     
   20.0167212636681     
   20.0095427248754     
   20.0089189789887     
   20.0089716421135     
   20.0051683468873     
   20.0120637929030     
   20.0106993398532     
   20.0060036456381     
   20.0058775047907     
   20.0058512183506     
   20.0056336016541     
   20.0139986074115     
   20.0134168745493     
   20.0133800459770     
   20.0108624457464     
   20.0106694907191     
   20.0096332878251     
   20.0130172942912     
   20.0106057427928     
   20.0106007426848     
   20.0107150155152     
   20.0089815945947     
   20.0085363185484     
   20.0083722935765     
   20.0084683789808     
   20.0104358231510     
   20.0088365506503     
   20.0103833446421     
   20.0087922636108     
   20.0100307638963     
   20.0065342128063     
   20.0066143253904     
   20.0102475638710     
   20.0072768561671     
   20.0072194764652     
   20.0160059417107     
   20.0161316547422     
   20.0049979610714     
   20.0160590604046     
   20.0049638620153     
   20.0049374271630     
   20.0153193683821     
   20.0067775952943     
   20.0078058784515     
   20.0047876909690     
   20.0047593993121     
   20.0048081234424     
   20.0170264394950     
   20.0105653138810     
   20.0091825961720     
   20.0090220926206     
   20.0021479766730     
   20.0065103142791     
   20.0064502223568     
   20.0067091856004     
   20.0166574450200     
   20.0087825220868     
   20.0072291024404     
   20.0071789053201     
   20.0037354937673     
   20.0109784008428     
   20.0108414401241     
   20.0035864993574     
   20.0036396307476     
   20.0037577208678     
   20.0071873603760     
   20.0060572222757     
   20.0070189930966     
   20.0064261474582     
   20.0063157478895     
   20.0065267224459     
   20.0021310527891     
   20.0021089785197     
   20.0168607526049     
   20.0169591153848     
   20.0020993025512     
   20.0023727136035     
   20.0023882651809     
   20.0085469922638     
   20.0024932601466     
   20.0024581738172     
   20.0024440291900     
   20.0074235757359     
   20.0017396361352     
   20.0019912855304     
   20.0071110814844     
   20.0070167671399     
   20.0030200077477     
   20.0013098306197     
   20.0013607346026     
   20.0102302845823     
   20.0034159951271     
   20.0062469001251     
   20.0071365056572     
   20.0062076498638     
   20.0062655770709     
   20.0061299836124     
   20.0060216915060     
   20.0063676752653     
   20.0042876175465     
   20.0047246680554     
   20.0017295569848     
   20.0009738256934     
   20.0009959177650     
   20.0009745532578     
   20.0016814634073     
   20.0016773075551     
   20.0033997325838     
   20.0017084881725     
   20.0046825936083     
   20.0075051814922     
   20.0073503236303     
   20.0073996297533     
   20.0043935847402     
   20.0037392797336     
   20.0037717010887     
   20.0009899160136     
   20.0010043003687     
   20.0034495038670     
   20.0064650728893     
   20.0064092527400     
   20.0018955122502     
   20.0016152253982     
   20.0064452791445     
   20.0021101031850     
   20.0019280055783     
   20.0037921615660     
   20.0083287075431     
   20.0012338867944     
   20.0038025773930     
   20.0037754138420     
   20.0049471030560     
   20.0048882025054     
   20.0092946381836     
   20.0057254404905     
   20.0051240297575     
   20.0050529679164     
   20.0013278432253     
   20.0013151255925     
   20.0041921508989     
   20.0065638021854     
   20.0029345385944     
   20.0008098836983     
   20.0057494064033     
   20.0056395926133     
   20.0054312904184     
   20.0023234899419     
   20.0022978523782     
   20.0028787203132     
   20.0022888042745     
   20.0023347308594     
   20.0034892779105     
   20.0016077098865     
   20.0008726159957     
   20.0140129544604     
   20.0039165160466     
   20.0013770554615     
   20.0054760258058     
   20.0027348487138     
   20.0088632370631     
   20.0078025855258     
   20.0076908475756     
   20.0027776424281     
   20.0008169208930     
   20.0007997309554     
   20.0008015567577     
   20.0040872560636     
   20.0031619385881     
   20.0137059709775     
   20.0011966929512     
   20.0012100049061     
   20.0009102381971     
   20.0061111675286     
   20.0057103617331     
   20.0057980321630     
   20.0092346444161     
   20.0048793567032     
   20.0090424052959     
   20.0042568438871     
   20.0052285192650     
   20.0052703053455     
   20.0090293103891     
   20.0045127692398     
   20.0045883390177     
   20.0023097731364     
   20.0022643849670     
   20.0022940074442     
   20.0018293585633     
   20.0018158523188     
   20.0061185265281     
   20.0049635368913     
   20.0050569779005     
   20.0020870367285     
   20.0011231107824     
   20.0014121713335     
   20.0014798874799     
   20.0047922947470     
   20.0046956533920     
   20.0032181525495     
   20.0032602085673     
   20.0012815505301     
   20.0012707853383     
   20.0070577773073     
   20.0045148257838     
   20.0063967565141     
   20.0047051574393     
   20.0013551407095     
   20.0014246744007     
   20.0014348105405     
   20.0018433036126     
   20.0010577854913     
   20.0010705774401     
   20.0049023036725     
   20.0015886403027     
   20.0063130201415     
   20.0053301491748     
   20.0054463829441     
   20.0078345763630     
   20.0078697502377     
   20.0078285328057     
   20.0077987145735     
   20.0079451010565     
   20.0078916439525     
   20.0079467661930     
   20.0078857927949     
   20.0102126102252     
   20.0084299753954     
   20.0084636634135     
   20.0083747076645     
   20.0083542759059     
   20.0096681667743     
   20.0096299833400     
   20.0084587454881     
   20.0094862272304     
   20.0095026576726     
   20.0083709176739     
   20.0083398164821     
   20.0097905805353     
   20.0084110132882     
   20.0100278528649     
   20.0101707530269     
   20.0100260410247     
   20.0168973545523     
   20.0096509629561     
   20.0098535320493     
   20.0095782157772     
   20.0094749382011     
   20.0095085594083     
   20.0102026966476     
   20.0155819863328     
   20.0094786238738     
   20.0154241334735     
   20.0096495155483     
   20.0157948049013     
   20.0094267499743     
   20.0165115509992     
   20.0094878731970     
   20.0094629622664     
   20.0112116785604     
   20.0094331555993     
   20.0101742442748     
   20.0100859110001     
   20.0101742100274     
   20.0123245498068     
   20.0123959767577     
   20.0134389626999     
   20.0128005872274     
   20.0014096747503     
   20.0128150532313     
   20.0122001052285     
   20.0122349887568     
   20.0112627054457     
   20.0163175940787     
   20.0162568874516     
   20.0162089650447     
   20.0159651244758     
   20.0131580865659     
   20.0110339746027     
   20.0110166355076     
   20.0101690047244     
   20.0123158736728     
   20.0163149481120     
   20.0121579018840     
   20.0122154709250     
   20.0144619393711     
   20.0144148360079     
   20.0125328137585     
   20.0125572466400     
   20.0160142104299     
   20.0160204473576     
   20.0156501968138     
   20.0153174326043     
   20.0161122459989     
   20.0114898580196     
   20.0130262724937     
   20.0156362534793     
   20.0146444051735     
   20.0130921493149     
   20.0164166063021     
   20.0131081988660     
   20.0141510549239     
   20.0135118442350     
   20.0143093154821     
   20.0110081584931     
   20.0133636184836     
   20.0156587429117     
   20.0128019821065     
   20.0133172920827     
   20.0114763738625     
   20.0092559605909     
   20.0110037905624     
   20.0108829493198     
   20.0150186740053     
   20.0165540861075     
   20.0150702417494     
   20.0126175265547     
   20.0132900318782     
   20.0168203236781     
   20.0171234336102     
   20.0146161700322     
   20.0147208370541     
   20.0109446759580     
   20.0109269226991     
   20.0146387044003     
   20.0153091472193     
   20.0109531968719     
   20.0110269041833     
   20.0121067655836     
   20.0146891641129     
   20.0161969896026     
   20.0110562215371     
   20.0161583718316     
   20.0133077190167     
   20.0111863646810     
   20.0132570157750     
   20.0134408917894     
   20.0120781066133     
   20.0125950706071     
   20.0118180747305     
   20.0162644498873     
   20.0123509452455     
   20.0119323778546     
   20.0111094714520     
   20.0165795146353     
   20.0167071552698     
   20.0151347448732     
   20.0150861743049     
   20.0166557658011     
   20.0143032338632     
   20.0143523386928     
   20.0151819766215     
   20.0167791921737     
   20.0156223430147     
   20.0165779601527     
   20.0153828420464     
   20.0154363059361     
   20.0164392577949     
   20.0125910993800     
   20.0164809921115     
   20.0149005809882     
   20.0128672548548     
   20.0138219286444     
   20.0164352617355     
   20.0161139256102     
   20.0125025426789     
   20.0016576334716     
   20.0016364047067     
   20.0161599987269     
   20.0014582794014     
   20.0014811591326     
   20.0016305238036     
   20.0138579324367     
   20.0137185243476     
   20.0169528184464     
   20.0149362697171     
   20.0165423104088     
   20.0165141934945     
   20.0144801924173     
   20.0148910234995     
   20.0167129717041     
   20.0093108787896     
   20.0136610348096     
   20.0160532169564     
   20.0164330524212     
   20.0164784703448     
   20.0160988025246     
   20.0164163237454     
   20.0167861415254     
   20.0137022286240     
   20.0137113824499     
   20.0146823984787     
   20.0118523455047     
   20.0117990763932     
   20.0138394507760     
   20.0135515279722     
   20.0114875247216     
   20.0136702701027     
   20.0157191312873     
   20.0136122987921     
   20.0135222920323     
   20.0149648470525     
   20.0164015545249     
   20.0168503912880     
   20.0156614630120     
   20.0158178567638     
   20.0079194256735     
   20.0157231969738     
   20.0156573296350     
   20.0159896097788     
   20.0135161455639     
   20.0138598443806     
   20.0133852276144     
   20.0058180553172     
   20.0057576293099     
   20.0165854472545     
   20.0137843279067     
   20.0133288882793     
   20.0098845414787     
   20.0138942689922     
   20.0158230899223     
   20.0157717199812     
   20.0159056551613     
   20.0165953613058     
   20.0148896667138     
   20.0063158845549     
   20.0141145619539     
   20.0146600371017     
   20.0146003457929     
   20.0145384567248     
   20.0132033879510     
   20.0170783736278     
   20.0151611102787     
   20.0143978052201     
   20.0131532575772     
   20.0145026007484     
   20.0159038646098     
   20.0159491004713     
   20.0110846950662     
   20.0135632229918     
   20.0146359116896     
   20.0140776749081     
   20.0148204947260     
   20.0124498575563     
   20.0162318452266     
   20.0162229858149     
   20.0032255104906     
   20.0140447260033     
   20.0118872699603     
   20.0118694397128     
   20.0108780743905     
   20.0117905286641     
   20.0164003106024     
   20.0099288591238     
   20.0098848610927     
   20.0165174888346     
   20.0101208602185     
   20.0128874489502     
   20.0164959844979     
   20.0138815095925     
   20.0102072272458     
   20.0143266734959     
   20.0080273666036     
   20.0139924887490     
   20.0163045247557     
   20.0141616456546     
   20.0119777586694     
   20.0163272633438     
   20.0081563729962     
   20.0129728208713     
   20.0156346907163     
   20.0160092129390     
   20.0160929440688     
   20.0081172378486     
   20.0155956702498     
   20.0139224823888     
   20.0112659804820     
   20.0149527546211     
   20.0021147740097     
   20.0077945731395     
   20.0007919797449     
   20.0008013976385     
   20.0124831055013     
   20.0075873273932     
   20.0075512243484     
   20.0108437314288     
   20.0119570894537     
   20.0107132899354     
   20.0124762967329     
   20.0111359613239     
   20.0163636735220     
   20.0163252913801     
   20.0107664864422     
   20.0163545568184     
   20.0168067200118     
   20.0111561727870     
   20.0133723801866     
   20.0133070777807     
   20.0016446891777     
   20.0080473653128     
   20.0072298974692     
   20.0171710277733     
   20.0079700272494     
   20.0015150478443     
   20.0111953458271     
   20.0132394231949     
   20.0078214985187     
   20.0077842048335     
   20.0167249296886     
   20.0095718811848     
   20.0163170357634     
   20.0164125234965     
   20.0059110474689     
   20.0058038153936     
   20.0057749828475     
   20.0167532552894     
   20.0165501235136     
   20.0159674786034     
   20.0164511239332     
   20.0164023591250     
   20.0050859738468     
   20.0158444019980     
   20.0159293581589     
   20.0160705002106     
   20.0115404173709     
   20.0158280394946     
   20.0045295666224     
   20.0157803947199     
   20.0081469424347     
   20.0159696864035     
   20.0006327775156     
   20.0038832508497     
   20.0121169186508     
   20.0073417669882     
   20.0157243617148     
   20.0052711254662     
   20.0145288426619     
   20.0031031476131     
   20.0164746661113     
   20.0143921570807     
   20.0016921133793     
   20.0148628353728     
   20.0077153927509     
   20.0149596613438     
   20.0076917299172     
   20.0109910146140     
   20.0076872057986     
   20.0076698834324     
   20.0159703628297     
   20.0131432161598     
   20.0163847882129     
   20.0161729078494     
   20.0159292210304     
   20.0166759829001     
   20.0155292666500     
   20.0101215288372     
   20.0141169907753     
   20.0127659848002     
   20.0122831870174     
   20.0157870182231     
   20.0158825985524     
   20.0043138423299     
   20.0131536459541     
   20.0163263927788     
   20.0168284619216     
   20.0047483650276     
   20.0038724741573     
   20.0019531411719     
   20.0078568201817     
   20.0108627415922     
   20.0148875314387     
   20.0157720995379     
   20.0014386537224     
   20.0171010355880     
   20.0151909233336     
   20.0051453079049     
   20.0161733918668     
   20.0125972564039     
   20.0161165847476     
   20.0170290311461     
   20.0169382034225     
