 line            1
   82.0000000000000     
  -25.0000000000000     
  0.000000000000000E+000
  0.000000000000000E+000
  -25.0000000000000     
  -16.0000000000000     
  0.000000000000000E+000
  0.000000000000000E+000
  0.000000000000000E+000
  0.000000000000000E+000
  0.000000000000000E+000
  0.000000000000000E+000
  0.000000000000000E+000
  0.000000000000000E+000
  0.000000000000000E+000
  -16.0000000000000     
  0.000000000000000E+000
  0.000000000000000E+000
  0.000000000000000E+000
  0.000000000000000E+000
 line            2
  -25.0000000000000     
   82.0000000000000     
  -25.0000000000000     
  0.000000000000000E+000
  0.000000000000000E+000
  0.000000000000000E+000
  -16.0000000000000     
  0.000000000000000E+000
  0.000000000000000E+000
  0.000000000000000E+000
  0.000000000000000E+000
  0.000000000000000E+000
  0.000000000000000E+000
  0.000000000000000E+000
  4.940656458412465E-324
  0.000000000000000E+000
  -16.0000000000000     
  0.000000000000000E+000
  0.000000000000000E+000
  0.000000000000000E+000
 line            3
  0.000000000000000E+000
  -25.0000000000000     
   82.0000000000000     
  -25.0000000000000     
  0.000000000000000E+000
  0.000000000000000E+000
  0.000000000000000E+000
  -16.0000000000000     
  0.000000000000000E+000
  0.000000000000000E+000
  0.000000000000000E+000
  0.000000000000000E+000
  0.000000000000000E+000
  0.000000000000000E+000
  1.521095251506668E-314
  0.000000000000000E+000
  0.000000000000000E+000
  -16.0000000000000     
  0.000000000000000E+000
  0.000000000000000E+000
 line            4
  0.000000000000000E+000
  0.000000000000000E+000
  -25.0000000000000     
   82.0000000000000     
  -25.0000000000000     
  0.000000000000000E+000
  0.000000000000000E+000
  0.000000000000000E+000
  -16.0000000000000     
  0.000000000000000E+000
  0.000000000000000E+000
  0.000000000000000E+000
  0.000000000000000E+000
  2.121995790965272E-314
  0.000000000000000E+000
  0.000000000000000E+000
  0.000000000000000E+000
  0.000000000000000E+000
  -16.0000000000000     
  0.000000000000000E+000
 line            5
  -25.0000000000000     
  0.000000000000000E+000
  0.000000000000000E+000
  -25.0000000000000     
   82.0000000000000     
  0.000000000000000E+000
  0.000000000000000E+000
  0.000000000000000E+000
  0.000000000000000E+000
  -16.0000000000000     
  0.000000000000000E+000
  0.000000000000000E+000
  0.000000000000000E+000
 -2.542428356012403E-041
  2.673431200663086E-307
  0.000000000000000E+000
  0.000000000000000E+000
  0.000000000000000E+000
  0.000000000000000E+000
  -16.0000000000000     
 line            6
  -16.0000000000000     
  0.000000000000000E+000
  0.000000000000000E+000
  0.000000000000000E+000
  0.000000000000000E+000
   82.0000000000000     
  -25.0000000000000     
  0.000000000000000E+000
  0.000000000000000E+000
  -25.0000000000000     
  -16.0000000000000     
  0.000000000000000E+000
  0.000000000000000E+000
  0.000000000000000E+000
  0.000000000000000E+000
 -0.412290573120117     
  6.940543203931963E-308
  1.049517897863605E-306
 -2.544304158718241E-041
  1.249822928383383E-306
 line            7
  0.000000000000000E+000
  -16.0000000000000     
  0.000000000000000E+000
  0.000000000000000E+000
  0.000000000000000E+000
  -25.0000000000000     
   82.0000000000000     
  -25.0000000000000     
  0.000000000000000E+000
  0.000000000000000E+000
  0.000000000000000E+000
  -16.0000000000000     
  0.000000000000000E+000
  0.000000000000000E+000
  0.000000000000000E+000
  1.067664413557172E-313
  2.125884186905238E-314
 -2.874290864826128E-041
  1.976262583364986E-323
 -2.544381412251589E-041
 line            8
  0.000000000000000E+000
  0.000000000000000E+000
  -16.0000000000000     
  0.000000000000000E+000
  0.000000000000000E+000
  0.000000000000000E+000
  -25.0000000000000     
   82.0000000000000     
  -25.0000000000000     
  0.000000000000000E+000
  0.000000000000000E+000
  0.000000000000000E+000
  -16.0000000000000     
  0.000000000000000E+000
  0.000000000000000E+000
 -0.412294387817383     
 -2.542394889560442E-041
  1.095808619746294E-306
  0.000000000000000E+000
 -2.539380643911313E-041
 line            9
  0.000000000000000E+000
  0.000000000000000E+000
  0.000000000000000E+000
  -16.0000000000000     
  0.000000000000000E+000
  0.000000000000000E+000
  0.000000000000000E+000
  -25.0000000000000     
   82.0000000000000     
  -25.0000000000000     
  0.000000000000000E+000
  0.000000000000000E+000
  0.000000000000000E+000
  -16.0000000000000     
  0.000000000000000E+000
  1.067664413557172E-313
  3.395193265593842E-313
  1.095808134064843E-306
  1.035345659995863E-306
  1.097391651134661E-306
 line           10
  0.000000000000000E+000
  0.000000000000000E+000
  0.000000000000000E+000
  0.000000000000000E+000
  -16.0000000000000     
  -25.0000000000000     
  0.000000000000000E+000
  0.000000000000000E+000
  -25.0000000000000     
   82.0000000000000     
  0.000000000000000E+000
  0.000000000000000E+000
  0.000000000000000E+000
  0.000000000000000E+000
  -16.0000000000000     
 -0.412298202514648     
  5.093178737910650E-313
  1.590279078125135E-314
  4.868020742309080E-270
  0.000000000000000E+000
 line           11
  0.000000000000000E+000
  0.000000000000000E+000
  0.000000000000000E+000
  0.000000000000000E+000
  0.000000000000000E+000
  -16.0000000000000     
  0.000000000000000E+000
  0.000000000000000E+000
  0.000000000000000E+000
  0.000000000000000E+000
   82.0000000000000     
  -25.0000000000000     
  0.000000000000000E+000
  0.000000000000000E+000
  -25.0000000000000     
  -16.0000000000000     
  0.000000000000000E+000
  0.000000000000000E+000
  0.000000000000000E+000
  0.000000000000000E+000
 line           12
  0.000000000000000E+000
  0.000000000000000E+000
  0.000000000000000E+000
  0.000000000000000E+000
  0.000000000000000E+000
  0.000000000000000E+000
  -16.0000000000000     
  0.000000000000000E+000
  0.000000000000000E+000
  0.000000000000000E+000
  -25.0000000000000     
   82.0000000000000     
  -25.0000000000000     
  0.000000000000000E+000
  0.000000000000000E+000
  0.000000000000000E+000
  -16.0000000000000     
  0.000000000000000E+000
  0.000000000000000E+000
  0.000000000000000E+000
 line           13
  0.000000000000000E+000
  0.000000000000000E+000
  0.000000000000000E+000
  0.000000000000000E+000
  0.000000000000000E+000
  0.000000000000000E+000
  0.000000000000000E+000
  -16.0000000000000     
  0.000000000000000E+000
  0.000000000000000E+000
  0.000000000000000E+000
  -25.0000000000000     
   82.0000000000000     
  -25.0000000000000     
  0.000000000000000E+000
  0.000000000000000E+000
  0.000000000000000E+000
  -16.0000000000000     
  0.000000000000000E+000
  0.000000000000000E+000
 line           14
  0.000000000000000E+000
  0.000000000000000E+000
  0.000000000000000E+000
  0.000000000000000E+000
  0.000000000000000E+000
  0.000000000000000E+000
  0.000000000000000E+000
  0.000000000000000E+000
  -16.0000000000000     
  0.000000000000000E+000
  0.000000000000000E+000
  0.000000000000000E+000
  -25.0000000000000     
   82.0000000000000     
  -25.0000000000000     
  0.000000000000000E+000
  0.000000000000000E+000
  0.000000000000000E+000
  -16.0000000000000     
  0.000000000000000E+000
 line           15
  0.000000000000000E+000
  0.000000000000000E+000
  0.000000000000000E+000
  0.000000000000000E+000
  0.000000000000000E+000
  0.000000000000000E+000
  0.000000000000000E+000
  0.000000000000000E+000
  0.000000000000000E+000
  -16.0000000000000     
  -25.0000000000000     
  0.000000000000000E+000
  0.000000000000000E+000
  -25.0000000000000     
   82.0000000000000     
  0.000000000000000E+000
  0.000000000000000E+000
  0.000000000000000E+000
  0.000000000000000E+000
  -16.0000000000000     
 line           16
  -16.0000000000000     
  0.000000000000000E+000
  0.000000000000000E+000
  0.000000000000000E+000
  0.000000000000000E+000
  0.000000000000000E+000
  0.000000000000000E+000
  0.000000000000000E+000
  0.000000000000000E+000
  0.000000000000000E+000
  -16.0000000000000     
  0.000000000000000E+000
  0.000000000000000E+000
  0.000000000000000E+000
  0.000000000000000E+000
   82.0000000000000     
  -25.0000000000000     
  0.000000000000000E+000
  0.000000000000000E+000
  -25.0000000000000     
 line           17
  0.000000000000000E+000
  -16.0000000000000     
  0.000000000000000E+000
  0.000000000000000E+000
  0.000000000000000E+000
  0.000000000000000E+000
  0.000000000000000E+000
  0.000000000000000E+000
  0.000000000000000E+000
  0.000000000000000E+000
  0.000000000000000E+000
  -16.0000000000000     
  0.000000000000000E+000
  0.000000000000000E+000
  0.000000000000000E+000
  -25.0000000000000     
   82.0000000000000     
  -25.0000000000000     
  0.000000000000000E+000
  0.000000000000000E+000
 line           18
  0.000000000000000E+000
  0.000000000000000E+000
  -16.0000000000000     
  0.000000000000000E+000
  0.000000000000000E+000
  0.000000000000000E+000
  0.000000000000000E+000
  0.000000000000000E+000
  0.000000000000000E+000
  0.000000000000000E+000
  0.000000000000000E+000
  0.000000000000000E+000
  -16.0000000000000     
  0.000000000000000E+000
  0.000000000000000E+000
  0.000000000000000E+000
  -25.0000000000000     
   82.0000000000000     
  -25.0000000000000     
  0.000000000000000E+000
 line           19
  0.000000000000000E+000
  0.000000000000000E+000
  0.000000000000000E+000
  -16.0000000000000     
  0.000000000000000E+000
  0.000000000000000E+000
  0.000000000000000E+000
  0.000000000000000E+000
  0.000000000000000E+000
  0.000000000000000E+000
  0.000000000000000E+000
  0.000000000000000E+000
  0.000000000000000E+000
  -16.0000000000000     
  0.000000000000000E+000
  0.000000000000000E+000
  0.000000000000000E+000
  -25.0000000000000     
   82.0000000000000     
  -25.0000000000000     
 line           20
  0.000000000000000E+000
  0.000000000000000E+000
  0.000000000000000E+000
  0.000000000000000E+000
  -16.0000000000000     
  0.000000000000000E+000
  0.000000000000000E+000
  0.000000000000000E+000
  0.000000000000000E+000
  0.000000000000000E+000
  0.000000000000000E+000
  0.000000000000000E+000
  0.000000000000000E+000
  0.000000000000000E+000
  -16.0000000000000     
  -25.0000000000000     
  0.000000000000000E+000
  0.000000000000000E+000
  -25.0000000000000     
   82.0000000000000     
