  -6.48212270260124     
  -6.47644915084955     
  -6.46988440019071     
  -6.46044922927915     
  -6.46612280758900     
  -6.53023976670054     
  -6.50116339094614     
  -6.51172124251538     
  -6.48516358559352     
  -6.51424030475407     
  -6.48212270260124     
  -6.47644915084955     
  -6.46988440019071     
  -6.46044922927914     
  -6.46612280758900     
  -6.46787039907056     
  -6.46562740904540     
  -6.45753258951092     
  -6.44962745230630     
  -6.45187044057646     
